X , D
-20 , 9.41642e-173
-20 , 100
-19.99 , 1.17271e-172
-19.98 , 1.74803e-172
-19.97 , 2.60507e-172
-19.96 , 3.88155e-172
-19.95 , 5.78233e-172
-19.94 , 8.61219e-172
-19.93 , 1.28244e-171
-19.92 , 1.9093e-171
-19.91 , 2.842e-171
-19.9 , 4.22949e-171
-19.89 , 6.29309e-171
-19.88 , 9.36166e-171
-19.87 , 1.39237e-170
-19.86 , 2.07048e-170
-19.85 , 3.07821e-170
-19.84 , 4.57551e-170
-19.83 , 6.79977e-170
-19.82 , 1.01033e-169
-19.81 , 1.50087e-169
-19.8 , 2.22913e-169
-19.79 , 3.3101e-169
-19.78 , 4.91429e-169
-19.77 , 7.29447e-169
-19.76 , 1.08253e-168
-19.75 , 1.60619e-168
-19.74 , 2.3827e-168
-19.73 , 3.5339e-168
-19.72 , 5.24025e-168
-19.71 , 7.76895e-168
-19.7 , 1.15156e-167
-19.69 , 1.70657e-167
-19.68 , 2.52856e-167
-19.67 , 3.74572e-167
-19.66 , 5.54768e-167
-19.65 , 8.21486e-167
-19.64 , 1.21619e-166
-19.63 , 1.80019e-166
-19.62 , 2.66407e-166
-19.61 , 3.94173e-166
-19.6 , 5.83097e-166
-19.59 , 8.62398e-166
-19.58 , 1.27523e-165
-19.57 , 1.8853e-165
-19.56 , 2.78668e-165
-19.55 , 4.11819e-165
-19.54 , 6.0847e-165
-19.53 , 8.98844e-165
-19.52 , 1.32752e-164
-19.51 , 1.96026e-164
-19.5 , 2.894e-164
-19.49 , 4.27165e-164
-19.48 , 6.30386e-164
-19.47 , 9.30101e-164
-19.46 , 1.37204e-163
-19.45 , 2.02356e-163
-19.44 , 2.98386e-163
-19.43 , 4.39901e-163
-19.42 , 6.484e-163
-19.41 , 9.55531e-163
-19.4 , 1.40786e-162
-19.39 , 2.0739e-162
-19.38 , 3.05442e-162
-19.37 , 4.49761e-162
-19.36 , 6.62139e-162
-19.35 , 9.74606e-162
-19.34 , 1.43424e-161
-19.33 , 2.11022e-161
-19.32 , 3.10418e-161
-19.31 , 4.5654e-161
-19.3 , 6.71311e-161
-19.29 , 9.8692e-161
-19.28 , 1.45062e-160
-19.27 , 2.13176e-160
-19.26 , 3.13209e-160
-19.25 , 4.60092e-160
-19.24 , 6.75722e-160
-19.23 , 9.92211e-160
-19.22 , 1.45664e-159
-19.21 , 2.13804e-159
-19.2 , 3.13755e-159
-19.19 , 4.60341e-159
-19.18 , 6.75276e-159
-19.17 , 9.90365e-159
-19.16 , 1.45219e-158
-19.15 , 2.12894e-158
-19.14 , 3.12045e-158
-19.13 , 4.57281e-158
-19.12 , 6.69982e-158
-19.11 , 9.81422e-158
-19.1 , 1.43735e-157
-19.09 , 2.10465e-157
-19.08 , 3.08114e-157
-19.07 , 4.50979e-157
-19.06 , 6.59955e-157
-19.05 , 9.65573e-157
-19.04 , 1.41244e-156
-19.03 , 2.06569e-156
-19.02 , 3.02048e-156
-19.01 , 4.41569e-156
-19 , 6.45408e-156
-18.99 , 9.43156e-156
-18.98 , 1.37799e-155
-18.97 , 2.01289e-155
-18.96 , 2.93974e-155
-18.95 , 4.29249e-155
-18.94 , 6.26648e-155
-18.93 , 9.14641e-155
-18.92 , 1.33472e-154
-18.91 , 1.94735e-154
-18.9 , 2.8406e-154
-18.89 , 4.14275e-154
-18.88 , 6.04062e-154
-18.87 , 8.80616e-154
-18.86 , 1.28353e-153
-18.85 , 1.87041e-153
-18.84 , 2.72509e-153
-18.83 , 3.96952e-153
-18.82 , 5.78107e-153
-18.81 , 8.41767e-153
-18.8 , 1.22543e-152
-18.79 , 1.7836e-152
-18.78 , 2.59549e-152
-18.77 , 3.7762e-152
-18.76 , 5.49293e-152
-18.75 , 7.98851e-152
-18.74 , 1.16156e-151
-18.73 , 1.6886e-151
-18.72 , 2.4543e-151
-18.71 , 3.5665e-151
-18.7 , 5.18166e-151
-18.69 , 7.52676e-151
-18.68 , 1.0931e-150
-18.67 , 1.58718e-150
-18.66 , 2.30412e-150
-18.65 , 3.34424e-150
-18.64 , 4.85291e-150
-18.63 , 7.04076e-150
-18.62 , 1.02129e-149
-18.61 , 1.48113e-149
-18.6 , 2.14759e-149
-18.59 , 3.1133e-149
-18.58 , 4.51236e-149
-18.57 , 6.53883e-149
-18.56 , 9.47347e-149
-18.55 , 1.37224e-148
-18.54 , 1.98731e-148
-18.53 , 2.87749e-148
-18.52 , 4.16558e-148
-18.51 , 6.02905e-148
-18.5 , 8.72441e-148
-18.49 , 1.26222e-147
-18.48 , 1.82578e-147
-18.47 , 2.64044e-147
-18.46 , 3.81781e-147
-18.45 , 5.51908e-147
-18.44 , 7.97686e-147
-18.43 , 1.15268e-146
-18.42 , 1.66533e-146
-18.41 , 2.4055e-146
-18.4 , 3.47395e-146
-18.39 , 5.01595e-146
-18.38 , 7.24097e-146
-18.37 , 1.04509e-145
-18.36 , 1.50807e-145
-18.35 , 2.17573e-145
-18.34 , 3.13834e-145
-18.33 , 4.52594e-145
-18.32 , 6.52574e-145
-18.31 , 9.40728e-145
-18.3 , 1.35585e-144
-18.29 , 1.95376e-144
-18.28 , 2.81479e-144
-18.27 , 4.05445e-144
-18.26 , 5.83891e-144
-18.25 , 8.40706e-144
-18.24 , 1.21024e-143
-18.23 , 1.74184e-143
-18.22 , 2.50646e-143
-18.21 , 3.60599e-143
-18.2 , 5.18683e-143
-18.19 , 7.45921e-143
-18.18 , 1.0725e-142
-18.17 , 1.54175e-142
-18.16 , 2.21586e-142
-18.15 , 3.18409e-142
-18.14 , 4.57447e-142
-18.13 , 6.57067e-142
-18.12 , 9.43608e-142
-18.11 , 1.35483e-141
-18.1 , 1.94489e-141
-18.09 , 2.79135e-141
-18.08 , 4.00543e-141
-18.07 , 5.7464e-141
-18.06 , 8.24243e-141
-18.05 , 1.18203e-140
-18.04 , 1.69478e-140
-18.03 , 2.42948e-140
-18.02 , 3.48197e-140
-18.01 , 4.98941e-140
-18 , 7.14805e-140
-17.99 , 1.02385e-139
-17.98 , 1.46623e-139
-17.97 , 2.09932e-139
-17.96 , 3.00517e-139
-17.95 , 4.30103e-139
-17.94 , 6.15443e-139
-17.93 , 8.80475e-139
-17.92 , 1.25939e-138
-17.91 , 1.801e-138
-17.9 , 2.57503e-138
-17.89 , 3.68098e-138
-17.88 , 5.26087e-138
-17.87 , 7.51734e-138
-17.86 , 1.07395e-137
-17.85 , 1.53397e-137
-17.84 , 2.1906e-137
-17.83 , 3.12768e-137
-17.82 , 4.46472e-137
-17.81 , 6.37206e-137
-17.8 , 9.09239e-137
-17.79 , 1.29715e-136
-17.78 , 1.85018e-136
-17.77 , 2.63846e-136
-17.76 , 3.76184e-136
-17.75 , 5.36246e-136
-17.74 , 7.64258e-136
-17.73 , 1.089e-135
-17.72 , 1.55143e-135
-17.71 , 2.20977e-135
-17.7 , 3.14684e-135
-17.69 , 4.48039e-135
-17.68 , 6.37779e-135
-17.67 , 9.0769e-135
-17.66 , 1.29157e-134
-17.65 , 1.83743e-134
-17.64 , 2.61347e-134
-17.63 , 3.71652e-134
-17.62 , 5.28407e-134
-17.61 , 7.51128e-134
-17.6 , 1.06751e-133
-17.59 , 1.51685e-133
-17.58 , 2.1549e-133
-17.57 , 3.06073e-133
-17.56 , 4.34646e-133
-17.55 , 6.17105e-133
-17.54 , 8.75982e-133
-17.53 , 1.24321e-132
-17.52 , 1.76403e-132
-17.51 , 2.50255e-132
-17.5 , 3.54953e-132
-17.49 , 5.03352e-132
-17.48 , 7.13651e-132
-17.47 , 1.01161e-131
-17.46 , 1.43369e-131
-17.45 , 2.03146e-131
-17.44 , 2.87789e-131
-17.43 , 4.07618e-131
-17.42 , 5.77225e-131
-17.41 , 8.17242e-131
-17.4 , 1.15683e-130
-17.39 , 1.6372e-130
-17.38 , 2.31657e-130
-17.37 , 3.2772e-130
-17.36 , 4.63525e-130
-17.35 , 6.55475e-130
-17.34 , 9.26729e-130
-17.33 , 1.30997e-129
-17.32 , 1.85133e-129
-17.31 , 2.61589e-129
-17.3 , 3.69546e-129
-17.29 , 5.21951e-129
-17.28 , 7.37062e-129
-17.27 , 1.04062e-128
-17.26 , 1.4689e-128
-17.25 , 2.07303e-128
-17.24 , 2.92504e-128
-17.23 , 4.1264e-128
-17.22 , 5.82001e-128
-17.21 , 8.20709e-128
-17.2 , 1.15709e-127
-17.19 , 1.63102e-127
-17.18 , 2.2986e-127
-17.17 , 3.23877e-127
-17.16 , 4.56259e-127
-17.15 , 6.4262e-127
-17.14 , 9.04922e-127
-17.13 , 1.27403e-126
-17.12 , 1.79334e-126
-17.11 , 2.52382e-126
-17.1 , 3.55113e-126
-17.09 , 4.9956e-126
-17.08 , 7.02623e-126
-17.07 , 9.88029e-126
-17.06 , 1.38909e-125
-17.05 , 1.95256e-125
-17.04 , 2.74404e-125
-17.03 , 3.85558e-125
-17.02 , 5.41629e-125
-17.01 , 7.60724e-125
-17 , 1.06823e-124
-16.99 , 1.49974e-124
-16.98 , 2.10514e-124
-16.97 , 2.95433e-124
-16.96 , 4.14523e-124
-16.95 , 5.81504e-124
-16.94 , 8.15584e-124
-16.93 , 1.14366e-123
-16.92 , 1.6034e-123
-16.91 , 2.24748e-123
-16.9 , 3.14966e-123
-16.89 , 4.41312e-123
-16.88 , 6.18216e-123
-16.87 , 8.65859e-123
-16.86 , 1.21246e-122
-16.85 , 1.69747e-122
-16.84 , 2.376e-122
-16.83 , 3.32511e-122
-16.82 , 4.65242e-122
-16.81 , 6.50825e-122
-16.8 , 9.10254e-122
-16.79 , 1.27284e-121
-16.78 , 1.7795e-121
-16.77 , 2.48734e-121
-16.76 , 3.47605e-121
-16.75 , 4.85678e-121
-16.74 , 6.78461e-121
-16.73 , 9.47576e-121
-16.72 , 1.32317e-120
-16.71 , 1.84728e-120
-16.7 , 2.57846e-120
-16.69 , 3.59833e-120
-16.68 , 5.0206e-120
-16.67 , 7.00362e-120
-16.66 , 9.76793e-120
-16.65 , 1.36206e-119
-16.64 , 1.8989e-119
-16.63 , 2.6468e-119
-16.62 , 3.68853e-119
-16.61 , 5.13923e-119
-16.6 , 7.15907e-119
-16.59 , 9.97074e-119
-16.58 , 1.38839e-118
-16.57 , 1.9329e-118
-16.56 , 2.69041e-118
-16.55 , 3.74405e-118
-16.54 , 5.20928e-118
-16.53 , 7.24648e-118
-16.52 , 1.00783e-117
-16.51 , 1.40141e-117
-16.5 , 1.94828e-117
-16.49 , 2.70803e-117
-16.48 , 3.76328e-117
-16.47 , 5.2287e-117
-16.46 , 7.26329e-117
-16.45 , 1.00876e-116
-16.44 , 1.40072e-116
-16.43 , 1.94461e-116
-16.42 , 2.69913e-116
-16.41 , 3.74566e-116
-16.4 , 5.19692e-116
-16.39 , 7.20903e-116
-16.38 , 9.99817e-116
-16.37 , 1.38636e-115
-16.36 , 1.92197e-115
-16.35 , 2.66397e-115
-16.34 , 3.6917e-115
-16.33 , 5.11487e-115
-16.32 , 7.08527e-115
-16.31 , 9.81276e-115
-16.3 , 1.35875e-114
-16.29 , 1.88105e-114
-16.28 , 2.60359e-114
-16.27 , 3.60296e-114
-16.26 , 4.98493e-114
-16.25 , 6.8956e-114
-16.24 , 9.53669e-114
-16.23 , 1.31867e-113
-16.22 , 1.823e-113
-16.21 , 2.51972e-113
-16.2 , 3.48201e-113
-16.19 , 4.81083e-113
-16.18 , 6.64544e-113
-16.17 , 9.17783e-113
-16.16 , 1.26727e-112
-16.15 , 1.74949e-112
-16.14 , 2.41472e-112
-16.13 , 3.33224e-112
-16.12 , 4.59745e-112
-16.11 , 6.34179e-112
-16.1 , 8.74619e-112
-16.09 , 1.20598e-111
-16.08 , 1.66254e-111
-16.07 , 2.29149e-111
-16.06 , 3.15775e-111
-16.05 , 4.35061e-111
-16.04 , 5.99288e-111
-16.03 , 8.25341e-111
-16.02 , 1.13644e-110
-16.01 , 1.56448e-110
-16 , 2.15331e-110
-15.99 , 2.96317e-110
-15.98 , 4.0768e-110
-15.97 , 5.60783e-110
-15.96 , 7.71231e-110
-15.95 , 1.06044e-109
-15.94 , 1.45781e-109
-15.93 , 2.00368e-109
-15.92 , 2.7534e-109
-15.91 , 3.78289e-109
-15.9 , 5.19626e-109
-15.89 , 7.13626e-109
-15.88 , 9.79859e-109
-15.87 , 1.34515e-108
-15.86 , 1.84624e-108
-15.85 , 2.53349e-108
-15.84 , 3.47588e-108
-15.83 , 4.76785e-108
-15.82 , 6.53872e-108
-15.81 , 8.96554e-108
-15.8 , 1.22906e-107
-15.79 , 1.68455e-107
-15.78 , 2.30837e-107
-15.77 , 3.16257e-107
-15.76 , 4.33201e-107
-15.75 , 5.93268e-107
-15.74 , 8.12316e-107
-15.73 , 1.11202e-106
-15.72 , 1.52199e-106
-15.71 , 2.0827e-106
-15.7 , 2.8494e-106
-15.69 , 3.89755e-106
-15.68 , 5.33021e-106
-15.67 , 7.28802e-106
-15.66 , 9.96294e-106
-15.65 , 1.36169e-105
-15.64 , 1.86073e-105
-15.63 , 2.54214e-105
-15.62 , 3.4724e-105
-15.61 , 4.74213e-105
-15.6 , 6.47484e-105
-15.59 , 8.8389e-105
-15.58 , 1.20637e-104
-15.57 , 1.64617e-104
-15.56 , 2.24586e-104
-15.55 , 3.0634e-104
-15.54 , 4.17771e-104
-15.53 , 5.69619e-104
-15.52 , 7.76505e-104
-15.51 , 1.05832e-103
-15.5 , 1.44212e-103
-15.49 , 1.96472e-103
-15.48 , 2.67617e-103
-15.47 , 3.6445e-103
-15.46 , 4.96221e-103
-15.45 , 6.75501e-103
-15.44 , 9.19368e-103
-15.43 , 1.25102e-102
-15.42 , 1.70198e-102
-15.41 , 2.31503e-102
-15.4 , 3.14828e-102
-15.39 , 4.28057e-102
-15.38 , 5.81892e-102
-15.37 , 7.90855e-102
-15.36 , 1.07464e-101
-15.35 , 1.45997e-101
-15.34 , 1.98307e-101
-15.33 , 2.69304e-101
-15.32 , 3.65647e-101
-15.31 , 4.96357e-101
-15.3 , 6.73658e-101
-15.29 , 9.14107e-101
-15.28 , 1.24013e-100
-15.27 , 1.6821e-100
-15.26 , 2.28112e-100
-15.25 , 3.09285e-100
-15.24 , 4.19258e-100
-15.23 , 5.68221e-100
-15.22 , 7.69956e-100
-15.21 , 1.0431e-099
-15.2 , 1.41287e-099
-15.19 , 1.91333e-099
-15.18 , 2.59054e-099
-15.17 , 3.50674e-099
-15.16 , 4.74602e-099
-15.15 , 6.42198e-099
-15.14 , 8.68803e-099
-15.13 , 1.17513e-098
-15.12 , 1.58915e-098
-15.11 , 2.1486e-098
-15.1 , 2.90443e-098
-15.09 , 3.92534e-098
-15.08 , 5.30405e-098
-15.07 , 7.16557e-098
-15.06 , 9.67846e-098
-15.05 , 1.307e-097
-15.04 , 1.76464e-097
-15.03 , 2.38206e-097
-15.02 , 3.21484e-097
-15.01 , 4.33791e-097
-15 , 5.85214e-097
-14.99 , 7.89334e-097
-14.98 , 1.06444e-096
-14.97 , 1.43514e-096
-14.96 , 1.93454e-096
-14.95 , 2.60722e-096
-14.94 , 3.51308e-096
-14.93 , 4.73274e-096
-14.92 , 6.37456e-096
-14.91 , 8.58422e-096
-14.9 , 1.15575e-095
-14.89 , 1.55575e-095
-14.88 , 2.09377e-095
-14.87 , 2.81729e-095
-14.86 , 3.79006e-095
-14.85 , 5.0977e-095
-14.84 , 6.85512e-095
-14.83 , 9.21656e-095
-14.82 , 1.2389e-094
-14.81 , 1.66501e-094
-14.8 , 2.23722e-094
-14.79 , 3.00548e-094
-14.78 , 4.03676e-094
-14.77 , 5.42081e-094
-14.76 , 7.27795e-094
-14.75 , 9.76936e-094
-14.74 , 1.3111e-093
-14.73 , 1.75922e-093
-14.72 , 2.36002e-093
-14.71 , 3.16538e-093
-14.7 , 4.24471e-093
-14.69 , 5.69093e-093
-14.68 , 7.62836e-093
-14.67 , 1.02233e-092
-14.66 , 1.36983e-092
-14.65 , 1.83507e-092
-14.64 , 2.45784e-092
-14.63 , 3.29129e-092
-14.62 , 4.40648e-092
-14.61 , 5.89835e-092
-14.6 , 7.89372e-092
-14.59 , 1.0562e-091
-14.58 , 1.41294e-091
-14.57 , 1.88979e-091
-14.56 , 2.52707e-091
-14.55 , 3.37858e-091
-14.54 , 4.5161e-091
-14.53 , 6.0354e-091
-14.52 , 8.06419e-091
-14.51 , 1.07728e-090
-14.5 , 1.43883e-090
-14.49 , 1.92134e-090
-14.48 , 2.56514e-090
-14.47 , 3.42398e-090
-14.46 , 4.56945e-090
-14.45 , 6.09691e-090
-14.44 , 8.13333e-090
-14.43 , 1.08478e-089
-14.42 , 1.44652e-089
-14.41 , 1.92851e-089
-14.4 , 2.57059e-089
-14.39 , 3.42575e-089
-14.38 , 4.56449e-089
-14.37 , 6.08053e-089
-14.36 , 8.09848e-089
-14.35 , 1.0784e-088
-14.34 , 1.43571e-088
-14.33 , 1.91103e-088
-14.32 , 2.54321e-088
-14.31 , 3.38383e-088
-14.3 , 4.50141e-088
-14.29 , 5.98689e-088
-14.28 , 7.96099e-088
-14.27 , 1.05839e-087
-14.26 , 1.40682e-087
-14.25 , 1.86957e-087
-14.24 , 2.48404e-087
-14.23 , 3.29981e-087
-14.22 , 4.38261e-087
-14.21 , 5.81954e-087
-14.2 , 7.72606e-087
-14.19 , 1.02551e-086
-14.18 , 1.36093e-086
-14.17 , 1.80569e-086
-14.16 , 2.39532e-086
-14.15 , 3.17686e-086
-14.14 , 4.21254e-086
-14.13 , 5.58476e-086
-14.12 , 7.40247e-086
-14.11 , 9.80985e-086
-14.1 , 1.29975e-085
-14.09 , 1.72176e-085
-14.08 , 2.28032e-085
-14.07 , 3.01949e-085
-14.06 , 3.99746e-085
-14.05 , 5.29111e-085
-14.04 , 7.00201e-085
-14.03 , 9.26428e-085
-14.02 , 1.2255e-084
-14.01 , 1.6208e-084
-14 , 2.14317e-084
-13.99 , 2.83333e-084
-13.98 , 3.74499e-084
-13.97 , 4.94899e-084
-13.96 , 6.53877e-084
-13.95 , 8.63751e-084
-13.94 , 1.14076e-083
-13.93 , 1.5063e-083
-13.92 , 1.98858e-083
-13.91 , 2.62475e-083
-13.9 , 3.46373e-083
-13.89 , 4.56998e-083
-13.88 , 6.02833e-083
-13.87 , 7.95047e-083
-13.86 , 1.04834e-082
-13.85 , 1.38205e-082
-13.84 , 1.82162e-082
-13.83 , 2.40052e-082
-13.82 , 3.16275e-082
-13.81 , 4.16618e-082
-13.8 , 5.48687e-082
-13.79 , 7.22476e-082
-13.78 , 9.5112e-082
-13.77 , 1.25187e-081
-13.76 , 1.6474e-081
-13.75 , 2.16745e-081
-13.74 , 2.8511e-081
-13.73 , 3.74964e-081
-13.72 , 4.93036e-081
-13.71 , 6.48158e-081
-13.7 , 8.51915e-081
-13.69 , 1.1195e-080
-13.68 , 1.47084e-080
-13.67 , 1.93206e-080
-13.66 , 2.53739e-080
-13.65 , 3.33171e-080
-13.64 , 4.37381e-080
-13.63 , 5.74071e-080
-13.62 , 7.53328e-080
-13.61 , 9.88361e-080
-13.6 , 1.29646e-079
-13.59 , 1.70027e-079
-13.58 , 2.2294e-079
-13.57 , 2.92261e-079
-13.56 , 3.8306e-079
-13.55 , 5.01968e-079
-13.54 , 6.57655e-079
-13.53 , 8.61456e-079
-13.52 , 1.12819e-078
-13.51 , 1.47721e-078
-13.5 , 1.93381e-078
-13.49 , 2.53105e-078
-13.48 , 3.31208e-078
-13.47 , 4.33324e-078
-13.46 , 5.66811e-078
-13.45 , 7.4127e-078
-13.44 , 9.69231e-078
-13.43 , 1.26704e-077
-13.42 , 1.65603e-077
-13.41 , 2.164e-077
-13.4 , 2.82723e-077
-13.39 , 3.69297e-077
-13.38 , 4.82286e-077
-13.37 , 6.29718e-077
-13.36 , 8.22054e-077
-13.35 , 1.07292e-076
-13.34 , 1.40006e-076
-13.33 , 1.82659e-076
-13.32 , 2.38257e-076
-13.31 , 3.10717e-076
-13.3 , 4.05132e-076
-13.29 , 5.28131e-076
-13.28 , 6.88333e-076
-13.27 , 8.96952e-076
-13.26 , 1.16856e-075
-13.25 , 1.52212e-075
-13.24 , 1.98225e-075
-13.23 , 2.58095e-075
-13.22 , 3.35981e-075
-13.21 , 4.37283e-075
-13.2 , 5.69014e-075
-13.19 , 7.40281e-075
-13.18 , 9.62904e-075
-13.17 , 1.25223e-074
-13.16 , 1.62815e-074
-13.15 , 2.11651e-074
-13.14 , 2.75079e-074
-13.13 , 3.57445e-074
-13.12 , 4.64379e-074
-13.11 , 6.03184e-074
-13.1 , 7.8332e-074
-13.09 , 1.01705e-073
-13.08 , 1.32025e-073
-13.07 , 1.71351e-073
-13.06 , 2.22345e-073
-13.05 , 2.88457e-073
-13.04 , 3.74152e-073
-13.03 , 4.85208e-073
-13.02 , 6.29101e-073
-13.01 , 8.15504e-073
-13 , 1.05693e-072
-12.99 , 1.36954e-072
-12.98 , 1.77427e-072
-12.97 , 2.29815e-072
-12.96 , 2.9761e-072
-12.95 , 3.85328e-072
-12.94 , 4.988e-072
-12.93 , 6.45558e-072
-12.92 , 8.35328e-072
-12.91 , 1.08067e-071
-12.9 , 1.39778e-071
-12.89 , 1.80759e-071
-12.88 , 2.33707e-071
-12.87 , 3.02105e-071
-12.86 , 3.90443e-071
-12.85 , 5.0451e-071
-12.84 , 6.5177e-071
-12.83 , 8.41844e-071
-12.82 , 1.08713e-070
-12.81 , 1.40361e-070
-12.8 , 1.81185e-070
-12.79 , 2.33836e-070
-12.78 , 3.01726e-070
-12.77 , 3.8925e-070
-12.76 , 5.0206e-070
-12.75 , 6.47436e-070
-12.74 , 8.34738e-070
-12.73 , 1.07601e-069
-12.72 , 1.38674e-069
-12.71 , 1.78685e-069
-12.7 , 2.30194e-069
-12.69 , 2.96491e-069
-12.68 , 3.81805e-069
-12.67 , 4.9157e-069
-12.66 , 6.32765e-069
-12.65 , 8.14351e-069
-12.64 , 1.04784e-068
-12.63 , 1.348e-068
-12.62 , 1.73379e-068
-12.61 , 2.22956e-068
-12.6 , 2.8665e-068
-12.59 , 3.68467e-068
-12.58 , 4.73542e-068
-12.57 , 6.08458e-068
-12.56 , 7.81657e-068
-12.55 , 1.00396e-067
-12.54 , 1.28921e-067
-12.53 , 1.6552e-067
-12.52 , 2.12464e-067
-12.51 , 2.72669e-067
-12.5 , 3.49863e-067
-12.49 , 4.48822e-067
-12.48 , 5.75655e-067
-12.47 , 7.38181e-067
-12.46 , 9.46405e-067
-12.45 , 1.21312e-066
-12.44 , 1.55469e-066
-12.43 , 1.99203e-066
-12.42 , 2.55189e-066
-12.41 , 3.26844e-066
-12.4 , 4.18535e-066
-12.39 , 5.3584e-066
-12.38 , 6.85887e-066
-12.37 , 8.77773e-066
-12.36 , 1.12312e-065
-12.35 , 1.43675e-065
-12.34 , 1.83759e-065
-12.33 , 2.3498e-065
-12.32 , 3.00417e-065
-12.31 , 3.84e-065
-12.3 , 4.90739e-065
-12.29 , 6.27023e-065
-12.28 , 8.00994e-065
-12.27 , 1.02303e-064
-12.26 , 1.30635e-064
-12.25 , 1.6678e-064
-12.24 , 2.12883e-064
-12.23 , 2.71675e-064
-12.22 , 3.46635e-064
-12.21 , 4.42189e-064
-12.2 , 5.63971e-064
-12.19 , 7.19147e-064
-12.18 , 9.16837e-064
-12.17 , 1.16864e-063
-12.16 , 1.48929e-063
-12.15 , 1.89754e-063
-12.14 , 2.41722e-063
-12.13 , 3.07861e-063
-12.12 , 3.92019e-063
-12.11 , 4.99081e-063
-12.1 , 6.35254e-063
-12.09 , 8.08421e-063
-12.08 , 1.02858e-062
-12.07 , 1.30845e-062
-12.06 , 1.66412e-062
-12.05 , 2.11605e-062
-12.04 , 2.69017e-062
-12.03 , 3.41937e-062
-12.02 , 4.34536e-062
-12.01 , 5.52101e-062
-12 , 7.01332e-062
-11.99 , 8.90721e-062
-11.98 , 1.13103e-061
-11.97 , 1.43588e-061
-11.96 , 1.82253e-061
-11.95 , 2.31283e-061
-11.94 , 2.93444e-061
-11.93 , 3.72238e-061
-11.92 , 4.72095e-061
-11.91 , 5.98619e-061
-11.9 , 7.58899e-061
-11.89 , 9.61902e-061
-11.88 , 1.21896e-060
-11.87 , 1.54441e-060
-11.86 , 1.95636e-060
-11.85 , 2.47769e-060
-11.84 , 3.13731e-060
-11.83 , 3.97174e-060
-11.82 , 5.0271e-060
-11.81 , 6.3616e-060
-11.8 , 8.04876e-060
-11.79 , 1.01813e-059
-11.78 , 1.28763e-059
-11.77 , 1.62814e-059
-11.76 , 2.05829e-059
-11.75 , 2.60155e-059
-11.74 , 3.28755e-059
-11.73 , 4.15359e-059
-11.72 , 5.24673e-059
-11.71 , 6.62623e-059
-11.7 , 8.36675e-059
-11.69 , 1.05623e-058
-11.68 , 1.33314e-058
-11.67 , 1.68231e-058
-11.66 , 2.1225e-058
-11.65 , 2.67733e-058
-11.64 , 3.37652e-058
-11.63 , 4.25745e-058
-11.62 , 5.36714e-058
-11.61 , 6.76471e-058
-11.6 , 8.52448e-058
-11.59 , 1.07399e-057
-11.58 , 1.35283e-057
-11.57 , 1.70373e-057
-11.56 , 2.14522e-057
-11.55 , 2.70056e-057
-11.54 , 3.39899e-057
-11.53 , 4.27719e-057
-11.52 , 5.38121e-057
-11.51 , 6.76884e-057
-11.5 , 8.51259e-057
-11.49 , 1.07034e-056
-11.48 , 1.34553e-056
-11.47 , 1.69114e-056
-11.46 , 2.12509e-056
-11.45 , 2.66986e-056
-11.44 , 3.35361e-056
-11.43 , 4.21162e-056
-11.42 , 5.28809e-056
-11.41 , 6.63837e-056
-11.4 , 8.33176e-056
-11.39 , 1.0455e-055
-11.38 , 1.31167e-055
-11.37 , 1.64528e-055
-11.36 , 2.06332e-055
-11.35 , 2.58705e-055
-11.34 , 3.24308e-055
-11.33 , 4.06464e-055
-11.32 , 5.0933e-055
-11.31 , 6.38102e-055
-11.3 , 7.9927e-055
-11.29 , 1.00094e-054
-11.28 , 1.25325e-054
-11.27 , 1.56885e-054
-11.26 , 1.96352e-054
-11.25 , 2.45698e-054
-11.24 , 3.07385e-054
-11.23 , 3.84481e-054
-11.22 , 4.80818e-054
-11.21 , 6.01173e-054
-11.2 , 7.51503e-054
-11.19 , 9.39236e-054
-11.18 , 1.17363e-053
-11.17 , 1.46623e-053
-11.16 , 1.8314e-053
-11.15 , 2.28707e-053
-11.14 , 2.85553e-053
-11.13 , 3.56458e-053
-11.12 , 4.44879e-053
-11.11 , 5.55122e-053
-11.1 , 6.92545e-053
-11.09 , 8.63814e-053
-11.08 , 1.07722e-052
-11.07 , 1.34308e-052
-11.06 , 1.67422e-052
-11.05 , 2.08659e-052
-11.04 , 2.59999e-052
-11.03 , 3.23908e-052
-11.02 , 4.03444e-052
-11.01 , 5.02409e-052
-11 , 6.25525e-052
-10.99 , 7.78654e-052
-10.98 , 9.69075e-052
-10.97 , 1.20582e-051
-10.96 , 1.5001e-051
-10.95 , 1.86583e-051
-10.94 , 2.32026e-051
-10.93 , 2.88478e-051
-10.92 , 3.58594e-051
-10.91 , 4.45661e-051
-10.9 , 5.53758e-051
-10.89 , 6.87936e-051
-10.88 , 8.54454e-051
-10.87 , 1.06107e-050
-10.86 , 1.31737e-050
-10.85 , 1.63526e-050
-10.84 , 2.02945e-050
-10.83 , 2.51816e-050
-10.82 , 3.12393e-050
-10.81 , 3.87464e-050
-10.8 , 4.80478e-050
-10.79 , 5.95703e-050
-10.78 , 7.3841e-050
-10.77 , 9.15122e-050
-10.76 , 1.1339e-049
-10.75 , 1.40469e-049
-10.74 , 1.7398e-049
-10.73 , 2.15443e-049
-10.72 , 2.66733e-049
-10.71 , 3.30167e-049
-10.7 , 4.08606e-049
-10.69 , 5.05578e-049
-10.68 , 6.25438e-049
-10.67 , 7.73559e-049
-10.66 , 9.56566e-049
-10.65 , 1.18263e-048
-10.64 , 1.46183e-048
-10.63 , 1.80658e-048
-10.62 , 2.23218e-048
-10.61 , 2.75749e-048
-10.6 , 3.40575e-048
-10.59 , 4.20556e-048
-10.58 , 5.19215e-048
-10.57 , 6.40891e-048
-10.56 , 7.90921e-048
-10.55 , 9.75877e-048
-10.54 , 1.20384e-047
-10.53 , 1.48476e-047
-10.52 , 1.83087e-047
-10.51 , 2.2572e-047
-10.5 , 2.78225e-047
-10.49 , 3.42874e-047
-10.48 , 4.22461e-047
-10.47 , 5.20416e-047
-10.46 , 6.40955e-047
-10.45 , 7.89254e-047
-10.44 , 9.71671e-047
-10.43 , 1.19601e-046
-10.42 , 1.47184e-046
-10.41 , 1.81093e-046
-10.4 , 2.2277e-046
-10.39 , 2.73982e-046
-10.38 , 3.369e-046
-10.37 , 4.14183e-046
-10.36 , 5.09092e-046
-10.35 , 6.25624e-046
-10.34 , 7.68676e-046
-10.33 , 9.44247e-046
-10.32 , 1.15969e-045
-10.31 , 1.424e-045
-10.3 , 1.74819e-045
-10.29 , 2.14577e-045
-10.28 , 2.63323e-045
-10.27 , 3.23078e-045
-10.26 , 3.96314e-045
-10.25 , 4.86053e-045
-10.24 , 5.95993e-045
-10.23 , 7.30653e-045
-10.22 , 8.95558e-045
-10.21 , 1.09746e-044
-10.2 , 1.34461e-044
-10.19 , 1.64709e-044
-10.18 , 2.01721e-044
-10.17 , 2.47e-044
-10.16 , 3.02382e-044
-10.15 , 3.70108e-044
-10.14 , 4.52911e-044
-10.13 , 5.54127e-044
-10.12 , 6.77828e-044
-10.11 , 8.28976e-044
-10.1 , 1.01363e-043
-10.09 , 1.23915e-043
-10.08 , 1.51456e-043
-10.07 , 1.8508e-043
-10.06 , 2.26124e-043
-10.05 , 2.76213e-043
-10.04 , 3.37331e-043
-10.03 , 4.11889e-043
-10.02 , 5.02826e-043
-10.01 , 6.13716e-043
-10 , 7.4891e-043
-9.99 , 9.13703e-043
-9.98 , 1.11453e-042
-9.97 , 1.35923e-042
-9.96 , 1.65732e-042
-9.95 , 2.02038e-042
-9.94 , 2.46247e-042
-9.93 , 3.0007e-042
-9.92 , 3.65584e-042
-9.91 , 4.45312e-042
-9.9 , 5.42317e-042
-9.89 , 6.60322e-042
-9.88 , 8.03842e-042
-9.87 , 9.78359e-042
-9.86 , 1.19053e-041
-9.85 , 1.44841e-041
-9.84 , 1.7618e-041
-9.83 , 2.14258e-041
-9.82 , 2.60512e-041
-9.81 , 3.16688e-041
-9.8 , 3.849e-041
-9.79 , 4.6771e-041
-9.78 , 5.68223e-041
-9.77 , 6.90198e-041
-9.76 , 8.38187e-041
-9.75 , 1.0177e-040
-9.74 , 1.23542e-040
-9.73 , 1.49941e-040
-9.72 , 1.81944e-040
-9.71 , 2.20733e-040
-9.7 , 2.67739e-040
-9.69 , 3.24689e-040
-9.68 , 3.93674e-040
-9.67 , 4.77219e-040
-9.66 , 5.78378e-040
-9.65 , 7.0084e-040
-9.64 , 8.4906e-040
-9.63 , 1.02842e-039
-9.62 , 1.24542e-039
-9.61 , 1.5079e-039
-9.6 , 1.82534e-039
-9.59 , 2.20916e-039
-9.58 , 2.67314e-039
-9.57 , 3.23393e-039
-9.56 , 3.91157e-039
-9.55 , 4.73026e-039
-9.54 , 5.71915e-039
-9.53 , 6.91337e-039
-9.52 , 8.35529e-039
-9.51 , 1.00959e-038
-9.5 , 1.21967e-038
-9.49 , 1.47317e-038
-9.48 , 1.779e-038
-9.47 , 2.14788e-038
-9.46 , 2.59273e-038
-9.45 , 3.12909e-038
-9.44 , 3.77564e-038
-9.43 , 4.55488e-038
-9.42 , 5.49382e-038
-9.41 , 6.625e-038
-9.4 , 7.98747e-038
-9.39 , 9.62821e-038
-9.38 , 1.16036e-037
-9.37 , 1.39816e-037
-9.36 , 1.68434e-037
-9.35 , 2.0287e-037
-9.34 , 2.44296e-037
-9.33 , 2.94123e-037
-9.32 , 3.54041e-037
-9.31 , 4.2608e-037
-9.3 , 5.12674e-037
-9.29 , 6.16742e-037
-9.28 , 7.41787e-037
-9.27 , 8.92005e-037
-9.26 , 1.07243e-036
-9.25 , 1.28908e-036
-9.24 , 1.5492e-036
-9.23 , 1.86143e-036
-9.22 , 2.23613e-036
-9.21 , 2.68572e-036
-9.2 , 3.22506e-036
-9.19 , 3.87192e-036
-9.18 , 4.64759e-036
-9.17 , 5.57754e-036
-9.16 , 6.69221e-036
-9.15 , 8.02803e-036
-9.14 , 9.62856e-036
-9.13 , 1.15459e-035
-9.12 , 1.38422e-035
-9.11 , 1.65918e-035
-9.1 , 1.98837e-035
-9.09 , 2.38239e-035
-9.08 , 2.85391e-035
-9.07 , 3.41807e-035
-9.06 , 4.09293e-035
-9.05 , 4.90005e-035
-9.04 , 5.86514e-035
-9.03 , 7.01891e-035
-9.02 , 8.39795e-035
-9.01 , 1.00459e-034
-9 , 1.20149e-034
-8.99 , 1.43668e-034
-8.98 , 1.71757e-034
-8.97 , 2.05296e-034
-8.96 , 2.45336e-034
-8.95 , 2.93125e-034
-8.94 , 3.50152e-034
-8.93 , 4.18191e-034
-8.92 , 4.99349e-034
-8.91 , 5.96138e-034
-8.9 , 7.11544e-034
-8.89 , 8.4912e-034
-8.88 , 1.01309e-033
-8.87 , 1.20849e-033
-8.86 , 1.44128e-033
-8.85 , 1.71856e-033
-8.84 , 2.04878e-033
-8.83 , 2.44196e-033
-8.82 , 2.91001e-033
-8.81 , 3.46708e-033
-8.8 , 4.12995e-033
-8.79 , 4.91856e-033
-8.78 , 5.85658e-033
-8.77 , 6.97209e-033
-8.76 , 8.29839e-033
-8.75 , 9.87502e-033
-8.74 , 1.17488e-032
-8.73 , 1.39754e-032
-8.72 , 1.66205e-032
-8.71 , 1.97624e-032
-8.7 , 2.34934e-032
-8.69 , 2.79232e-032
-8.68 , 3.31816e-032
-8.67 , 3.94222e-032
-8.66 , 4.68272e-032
-8.65 , 5.56119e-032
-8.64 , 6.60313e-032
-8.63 , 7.83871e-032
-8.62 , 9.30362e-032
-8.61 , 1.10401e-031
-8.6 , 1.3098e-031
-8.59 , 1.55364e-031
-8.58 , 1.8425e-031
-8.57 , 2.18463e-031
-8.56 , 2.58976e-031
-8.55 , 3.06941e-031
-8.54 , 3.63716e-031
-8.53 , 4.30906e-031
-8.52 , 5.10406e-031
-8.51 , 6.04451e-031
-8.5 , 7.1568e-031
-8.49 , 8.47207e-031
-8.48 , 1.0027e-030
-8.47 , 1.1865e-030
-8.46 , 1.40371e-030
-8.45 , 1.66034e-030
-8.44 , 1.9635e-030
-8.43 , 2.32154e-030
-8.42 , 2.74432e-030
-8.41 , 3.24343e-030
-8.4 , 3.83255e-030
-8.39 , 4.52777e-030
-8.38 , 5.34801e-030
-8.37 , 6.31558e-030
-8.36 , 7.4567e-030
-8.35 , 8.80223e-030
-8.34 , 1.03885e-029
-8.33 , 1.22581e-029
-8.32 , 1.44613e-029
-8.31 , 1.7057e-029
-8.3 , 2.01146e-029
-8.29 , 2.37155e-029
-8.28 , 2.79554e-029
-8.27 , 3.29467e-029
-8.26 , 3.88213e-029
-8.25 , 4.57342e-029
-8.24 , 5.38673e-029
-8.23 , 6.34338e-029
-8.22 , 7.46844e-029
-8.21 , 8.79125e-029
-8.2 , 1.03463e-028
-8.19 , 1.21739e-028
-8.18 , 1.43215e-028
-8.17 , 1.68446e-028
-8.16 , 1.98082e-028
-8.15 , 2.32884e-028
-8.14 , 2.73747e-028
-8.13 , 3.21714e-028
-8.12 , 3.7801e-028
-8.11 , 4.44068e-028
-8.1 , 5.21565e-028
-8.09 , 6.12463e-028
-8.08 , 7.19057e-028
-8.07 , 8.44033e-028
-8.06 , 9.90531e-028
-8.05 , 1.16222e-027
-8.04 , 1.3634e-027
-8.03 , 1.59907e-027
-8.02 , 1.87511e-027
-8.01 , 2.19835e-027
-8 , 2.5768e-027
-7.99 , 3.01979e-027
-7.98 , 3.53822e-027
-7.97 , 4.14482e-027
-7.96 , 4.85444e-027
-7.95 , 5.68441e-027
-7.94 , 6.65493e-027
-7.93 , 7.78958e-027
-7.92 , 9.11585e-027
-7.91 , 1.06658e-026
-7.9 , 1.24767e-026
-7.89 , 1.45922e-026
-7.88 , 1.70629e-026
-7.87 , 1.9948e-026
-7.86 , 2.33162e-026
-7.85 , 2.72475e-026
-7.84 , 3.18354e-026
-7.83 , 3.71882e-026
-7.82 , 4.34323e-026
-7.81 , 5.07145e-026
-7.8 , 5.92059e-026
-7.79 , 6.91051e-026
-7.78 , 8.06431e-026
-7.77 , 9.40886e-026
-7.76 , 1.09754e-025
-7.75 , 1.28001e-025
-7.74 , 1.49252e-025
-7.73 , 1.73996e-025
-7.72 , 2.02802e-025
-7.71 , 2.36328e-025
-7.7 , 2.75342e-025
-7.69 , 3.20732e-025
-7.68 , 3.73528e-025
-7.67 , 4.34928e-025
-7.66 , 5.06318e-025
-7.65 , 5.89308e-025
-7.64 , 6.85762e-025
-7.63 , 7.97842e-025
-7.62 , 9.28053e-025
-7.61 , 1.0793e-024
-7.6 , 1.25494e-024
-7.59 , 1.45886e-024
-7.58 , 1.69559e-024
-7.57 , 1.97033e-024
-7.56 , 2.28912e-024
-7.55 , 2.65896e-024
-7.54 , 3.08792e-024
-7.53 , 3.58537e-024
-7.52 , 4.16211e-024
-7.51 , 4.83065e-024
-7.5 , 5.60545e-024
-7.49 , 6.50321e-024
-7.48 , 7.54322e-024
-7.47 , 8.7478e-024
-7.46 , 1.01427e-023
-7.45 , 1.17576e-023
-7.44 , 1.36269e-023
-7.43 , 1.57903e-023
-7.42 , 1.82933e-023
-7.41 , 2.11889e-023
-7.4 , 2.45379e-023
-7.39 , 2.84104e-023
-7.38 , 3.28875e-023
-7.37 , 3.80624e-023
-7.36 , 4.40426e-023
-7.35 , 5.09522e-023
-7.34 , 5.8934e-023
-7.33 , 6.81523e-023
-7.32 , 7.87966e-023
-7.31 , 9.10849e-023
-7.3 , 1.05268e-022
-7.29 , 1.21636e-022
-7.28 , 1.4052e-022
-7.27 , 1.62303e-022
-7.26 , 1.87425e-022
-7.25 , 2.16392e-022
-7.24 , 2.49786e-022
-7.23 , 2.88274e-022
-7.22 , 3.32625e-022
-7.21 , 3.83723e-022
-7.2 , 4.42581e-022
-7.19 , 5.10364e-022
-7.18 , 5.8841e-022
-7.17 , 6.78253e-022
-7.16 , 7.81656e-022
-7.15 , 9.00642e-022
-7.14 , 1.03753e-021
-7.13 , 1.19498e-021
-7.12 , 1.37605e-021
-7.11 , 1.58424e-021
-7.1 , 1.82355e-021
-7.09 , 2.0986e-021
-7.08 , 2.41463e-021
-7.07 , 2.7777e-021
-7.06 , 3.19472e-021
-7.05 , 3.6736e-021
-7.04 , 4.22342e-021
-7.03 , 4.85454e-021
-7.02 , 5.57884e-021
-7.01 , 6.40991e-021
-7 , 7.3633e-021
-6.99 , 8.45679e-021
-6.98 , 9.71071e-021
-6.97 , 1.11483e-020
-6.96 , 1.27961e-020
-6.95 , 1.46845e-020
-6.94 , 1.68482e-020
-6.93 , 1.93268e-020
-6.92 , 2.21656e-020
-6.91 , 2.54162e-020
-6.9 , 2.91375e-020
-6.89 , 3.33971e-020
-6.88 , 3.82715e-020
-6.87 , 4.38486e-020
-6.86 , 5.02282e-020
-6.85 , 5.75244e-020
-6.84 , 6.58671e-020
-6.83 , 7.54045e-020
-6.82 , 8.63054e-020
-6.81 , 9.87623e-020
-6.8 , 1.12994e-019
-6.79 , 1.29251e-019
-6.78 , 1.47817e-019
-6.77 , 1.69015e-019
-6.76 , 1.93215e-019
-6.75 , 2.20834e-019
-6.74 , 2.52351e-019
-6.73 , 2.88307e-019
-6.72 , 3.2932e-019
-6.71 , 3.76092e-019
-6.7 , 4.29419e-019
-6.69 , 4.90208e-019
-6.68 , 5.5949e-019
-6.67 , 6.38434e-019
-6.66 , 7.2837e-019
-6.65 , 8.30807e-019
-6.64 , 9.47459e-019
-6.63 , 1.08027e-018
-6.62 , 1.23145e-018
-6.61 , 1.40351e-018
-6.6 , 1.59928e-018
-6.59 , 1.82198e-018
-6.58 , 2.07528e-018
-6.57 , 2.36332e-018
-6.56 , 2.6908e-018
-6.55 , 3.06302e-018
-6.54 , 3.48604e-018
-6.53 , 3.96667e-018
-6.52 , 4.51265e-018
-6.51 , 5.13275e-018
-6.5 , 5.83688e-018
-6.49 , 6.63626e-018
-6.48 , 7.54358e-018
-6.47 , 8.57323e-018
-6.46 , 9.74144e-018
-6.45 , 1.10666e-017
-6.44 , 1.25695e-017
-6.43 , 1.42736e-017
-6.42 , 1.62054e-017
-6.41 , 1.83949e-017
-6.4 , 2.08761e-017
-6.39 , 2.36872e-017
-6.38 , 2.68713e-017
-6.37 , 3.04773e-017
-6.36 , 3.45602e-017
-6.35 , 3.91821e-017
-6.34 , 4.44132e-017
-6.33 , 5.03324e-017
-6.32 , 5.7029e-017
-6.31 , 6.46034e-017
-6.3 , 7.31691e-017
-6.29 , 8.28537e-017
-6.28 , 9.38011e-017
-6.27 , 1.06174e-016
-6.26 , 1.20154e-016
-6.25 , 1.35947e-016
-6.24 , 1.53785e-016
-6.23 , 1.73928e-016
-6.22 , 1.9667e-016
-6.21 , 2.2234e-016
-6.2 , 2.51311e-016
-6.19 , 2.83998e-016
-6.18 , 3.20872e-016
-6.17 , 3.6246e-016
-6.16 , 4.09356e-016
-6.15 , 4.62225e-016
-6.14 , 5.21816e-016
-6.13 , 5.88971e-016
-6.12 , 6.64634e-016
-6.11 , 7.49865e-016
-6.1 , 8.45854e-016
-6.09 , 9.53938e-016
-6.08 , 1.07561e-015
-6.07 , 1.21256e-015
-6.06 , 1.36667e-015
-6.05 , 1.54006e-015
-6.04 , 1.73509e-015
-6.03 , 1.95442e-015
-6.02 , 2.20103e-015
-6.01 , 2.47826e-015
-6 , 2.78983e-015
-5.99 , 3.13995e-015
-5.98 , 3.53328e-015
-5.97 , 3.97508e-015
-5.96 , 4.47122e-015
-5.95 , 5.02826e-015
-5.94 , 5.65355e-015
-5.93 , 6.35531e-015
-5.92 , 7.14273e-015
-5.91 , 8.02609e-015
-5.9 , 9.01685e-015
-5.89 , 1.01279e-014
-5.88 , 1.13735e-014
-5.87 , 1.27697e-014
-5.86 , 1.43344e-014
-5.85 , 1.60876e-014
-5.84 , 1.80515e-014
-5.83 , 2.0251e-014
-5.82 , 2.2714e-014
-5.81 , 2.54713e-014
-5.8 , 2.85576e-014
-5.79 , 3.20113e-014
-5.78 , 3.58755e-014
-5.77 , 4.01979e-014
-5.76 , 4.50319e-014
-5.75 , 5.04371e-014
-5.74 , 5.64795e-014
-5.73 , 6.3233e-014
-5.72 , 7.07797e-014
-5.71 , 7.9211e-014
-5.7 , 8.86286e-014
-5.69 , 9.91458e-014
-5.68 , 1.10888e-013
-5.67 , 1.23997e-013
-5.66 , 1.38626e-013
-5.65 , 1.54951e-013
-5.64 , 1.73162e-013
-5.63 , 1.93474e-013
-5.62 , 2.16126e-013
-5.61 , 2.4138e-013
-5.6 , 2.6953e-013
-5.59 , 3.00902e-013
-5.58 , 3.35858e-013
-5.57 , 3.74798e-013
-5.56 , 4.18167e-013
-5.55 , 4.66461e-013
-5.54 , 5.20226e-013
-5.53 , 5.8007e-013
-5.52 , 6.46667e-013
-5.51 , 7.20764e-013
-5.5 , 8.03187e-013
-5.49 , 8.94854e-013
-5.48 , 9.9678e-013
-5.47 , 1.11009e-012
-5.46 , 1.23603e-012
-5.45 , 1.37598e-012
-5.44 , 1.53146e-012
-5.43 , 1.70416e-012
-5.42 , 1.89595e-012
-5.41 , 2.1089e-012
-5.4 , 2.34529e-012
-5.39 , 2.60765e-012
-5.38 , 2.89877e-012
-5.37 , 3.22173e-012
-5.36 , 3.57994e-012
-5.35 , 3.97718e-012
-5.34 , 4.41759e-012
-5.33 , 4.90577e-012
-5.32 , 5.4468e-012
-5.31 , 6.04626e-012
-5.3 , 6.71032e-012
-5.29 , 7.44581e-012
-5.28 , 8.26023e-012
-5.27 , 9.16186e-012
-5.26 , 1.01598e-011
-5.25 , 1.12642e-011
-5.24 , 1.24861e-011
-5.23 , 1.38378e-011
-5.22 , 1.53326e-011
-5.21 , 1.69855e-011
-5.2 , 1.88126e-011
-5.19 , 2.08321e-011
-5.18 , 2.30637e-011
-5.17 , 2.55292e-011
-5.16 , 2.82524e-011
-5.15 , 3.12598e-011
-5.14 , 3.45802e-011
-5.13 , 3.82456e-011
-5.12 , 4.22908e-011
-5.11 , 4.67544e-011
-5.1 , 5.16785e-011
-5.09 , 5.71096e-011
-5.08 , 6.30987e-011
-5.07 , 6.97015e-011
-5.06 , 7.69797e-011
-5.05 , 8.50004e-011
-5.04 , 9.38378e-011
-5.03 , 1.03573e-010
-5.02 , 1.14294e-010
-5.01 , 1.261e-010
-5 , 1.39097e-010
-4.99 , 1.53402e-010
-4.98 , 1.69144e-010
-4.97 , 1.86463e-010
-4.96 , 2.05514e-010
-4.95 , 2.26465e-010
-4.94 , 2.495e-010
-4.93 , 2.74823e-010
-4.92 , 3.02654e-010
-4.91 , 3.33235e-010
-4.9 , 3.66832e-010
-4.89 , 4.03733e-010
-4.88 , 4.44256e-010
-4.87 , 4.88746e-010
-4.86 , 5.37582e-010
-4.85 , 5.91177e-010
-4.84 , 6.49982e-010
-4.83 , 7.1449e-010
-4.82 , 7.85241e-010
-4.81 , 8.62821e-010
-4.8 , 9.47872e-010
-4.79 , 1.04109e-009
-4.78 , 1.14325e-009
-4.77 , 1.25518e-009
-4.76 , 1.37778e-009
-4.75 , 1.51204e-009
-4.74 , 1.65905e-009
-4.73 , 1.81999e-009
-4.72 , 1.99612e-009
-4.71 , 2.18886e-009
-4.7 , 2.39971e-009
-4.69 , 2.63034e-009
-4.68 , 2.88254e-009
-4.67 , 3.15827e-009
-4.66 , 3.45968e-009
-4.65 , 3.78907e-009
-4.64 , 4.14898e-009
-4.63 , 4.54214e-009
-4.62 , 4.97154e-009
-4.61 , 5.44043e-009
-4.6 , 5.95231e-009
-4.59 , 6.51103e-009
-4.58 , 7.12073e-009
-4.57 , 7.78593e-009
-4.56 , 8.51153e-009
-4.55 , 9.30284e-009
-4.54 , 1.01656e-008
-4.53 , 1.11062e-008
-4.52 , 1.21313e-008
-4.51 , 1.32483e-008
-4.5 , 1.44651e-008
-4.49 , 1.57905e-008
-4.48 , 1.72338e-008
-4.47 , 1.88052e-008
-4.46 , 2.05156e-008
-4.45 , 2.23771e-008
-4.44 , 2.44024e-008
-4.43 , 2.66056e-008
-4.42 , 2.90017e-008
-4.41 , 3.16072e-008
-4.4 , 3.44396e-008
-4.39 , 3.75182e-008
-4.38 , 4.08636e-008
-4.37 , 4.44982e-008
-4.36 , 4.84461e-008
-4.35 , 5.27335e-008
-4.34 , 5.73884e-008
-4.33 , 6.24415e-008
-4.32 , 6.79256e-008
-4.31 , 7.38761e-008
-4.3 , 8.03314e-008
-4.29 , 8.73328e-008
-4.28 , 9.4925e-008
-4.27 , 1.03156e-007
-4.26 , 1.12078e-007
-4.25 , 1.21746e-007
-4.24 , 1.32221e-007
-4.23 , 1.43568e-007
-4.22 , 1.55856e-007
-4.21 , 1.69162e-007
-4.2 , 1.83566e-007
-4.19 , 1.99155e-007
-4.18 , 2.16024e-007
-4.17 , 2.34273e-007
-4.16 , 2.54012e-007
-4.15 , 2.75357e-007
-4.14 , 2.98435e-007
-4.13 , 3.2338e-007
-4.12 , 3.50338e-007
-4.11 , 3.79465e-007
-4.1 , 4.10929e-007
-4.09 , 4.4491e-007
-4.08 , 4.81603e-007
-4.07 , 5.21214e-007
-4.06 , 5.63966e-007
-4.05 , 6.101e-007
-4.04 , 6.59872e-007
-4.03 , 7.13557e-007
-4.02 , 7.7145e-007
-4.01 , 8.33869e-007
-4 , 9.01152e-007
-3.99 , 9.73663e-007
-3.98 , 1.05179e-006
-3.97 , 1.13596e-006
-3.96 , 1.2266e-006
-3.95 , 1.32421e-006
-3.94 , 1.42928e-006
-3.93 , 1.54238e-006
-3.92 , 1.66408e-006
-3.91 , 1.79502e-006
-3.9 , 1.93585e-006
-3.89 , 2.08731e-006
-3.88 , 2.25015e-006
-3.87 , 2.42519e-006
-3.86 , 2.61331e-006
-3.85 , 2.81544e-006
-3.84 , 3.03258e-006
-3.83 , 3.26579e-006
-3.82 , 3.5162e-006
-3.81 , 3.78503e-006
-3.8 , 4.07358e-006
-3.79 , 4.38321e-006
-3.78 , 4.7154e-006
-3.77 , 5.07172e-006
-3.76 , 5.45383e-006
-3.75 , 5.86352e-006
-3.74 , 6.30268e-006
-3.73 , 6.77333e-006
-3.72 , 7.27762e-006
-3.71 , 7.81783e-006
-3.7 , 8.3964e-006
-3.69 , 9.01592e-006
-3.68 , 9.67914e-006
-3.67 , 1.0389e-005
-3.66 , 1.11486e-005
-3.65 , 1.19613e-005
-3.64 , 1.28305e-005
-3.63 , 1.376e-005
-3.62 , 1.47539e-005
-3.61 , 1.58162e-005
-3.6 , 1.69515e-005
-3.59 , 1.81645e-005
-3.58 , 1.94603e-005
-3.57 , 2.08441e-005
-3.56 , 2.23218e-005
-3.55 , 2.38992e-005
-3.54 , 2.55828e-005
-3.53 , 2.73793e-005
-3.52 , 2.92958e-005
-3.51 , 3.134e-005
-3.5 , 3.35198e-005
-3.49 , 3.58438e-005
-3.48 , 3.8321e-005
-3.47 , 4.09608e-005
-3.46 , 4.37733e-005
-3.45 , 4.67692e-005
-3.44 , 4.99598e-005
-3.43 , 5.33568e-005
-3.42 , 5.6973e-005
-3.41 , 6.08216e-005
-3.4 , 6.49166e-005
-3.39 , 6.92729e-005
-3.38 , 7.39061e-005
-3.37 , 7.88327e-005
-3.36 , 8.40701e-005
-3.35 , 8.96368e-005
-3.34 , 9.55521e-005
-3.33 , 0.000101837
-3.32 , 0.000108512
-3.31 , 0.0001156
-3.3 , 0.000123126
-3.29 , 0.000131114
-3.28 , 0.000139591
-3.27 , 0.000148585
-3.26 , 0.000158126
-3.25 , 0.000168244
-3.24 , 0.000178972
-3.23 , 0.000190344
-3.22 , 0.000202397
-3.21 , 0.000215167
-3.2 , 0.000228695
-3.19 , 0.000243023
-3.18 , 0.000258194
-3.17 , 0.000274255
-3.16 , 0.000291254
-3.15 , 0.000309241
-3.14 , 0.00032827
-3.13 , 0.000348397
-3.12 , 0.000369681
-3.11 , 0.000392182
-3.1 , 0.000415965
-3.09 , 0.000441097
-3.08 , 0.00046765
-3.07 , 0.000495696
-3.06 , 0.000525314
-3.05 , 0.000556585
-3.04 , 0.000589592
-3.03 , 0.000624426
-3.02 , 0.000661178
-3.01 , 0.000699945
-3 , 0.000740829
-2.99 , 0.000783936
-2.98 , 0.000829375
-2.97 , 0.000877264
-2.96 , 0.000927721
-2.95 , 0.000980873
-2.94 , 0.00103685
-2.93 , 0.00109579
-2.92 , 0.00115784
-2.91 , 0.00122314
-2.9 , 0.00129185
-2.89 , 0.00136413
-2.88 , 0.00144015
-2.87 , 0.00152008
-2.86 , 0.00160411
-2.85 , 0.00169243
-2.84 , 0.00178522
-2.83 , 0.00188271
-2.82 , 0.0019851
-2.81 , 0.00209261
-2.8 , 0.00220548
-2.79 , 0.00232394
-2.78 , 0.00244824
-2.77 , 0.00257864
-2.76 , 0.0027154
-2.75 , 0.00285882
-2.74 , 0.00300916
-2.73 , 0.00316673
-2.72 , 0.00333185
-2.71 , 0.00350483
-2.7 , 0.00368599
-2.69 , 0.0038757
-2.68 , 0.0040743
-2.67 , 0.00428215
-2.66 , 0.00449965
-2.65 , 0.00472719
-2.64 , 0.00496516
-2.63 , 0.005214
-2.62 , 0.00547414
-2.61 , 0.00574602
-2.6 , 0.00603011
-2.59 , 0.00632688
-2.58 , 0.00663684
-2.57 , 0.00696048
-2.56 , 0.00729834
-2.55 , 0.00765095
-2.54 , 0.00801886
-2.53 , 0.00840266
-2.52 , 0.00880293
-2.51 , 0.00922028
-2.5 , 0.00965533
-2.49 , 0.0101087
-2.48 , 0.0105811
-2.47 , 0.0110732
-2.46 , 0.0115856
-2.45 , 0.0121192
-2.44 , 0.0126746
-2.43 , 0.0132525
-2.42 , 0.0138538
-2.41 , 0.0144792
-2.4 , 0.0151296
-2.39 , 0.0158058
-2.38 , 0.0165086
-2.37 , 0.0172389
-2.36 , 0.0179975
-2.35 , 0.0187855
-2.34 , 0.0196037
-2.33 , 0.0204531
-2.32 , 0.0213346
-2.31 , 0.0222492
-2.3 , 0.023198
-2.29 , 0.0241819
-2.28 , 0.025202
-2.27 , 0.0262594
-2.26 , 0.0273552
-2.25 , 0.0284905
-2.24 , 0.0296663
-2.23 , 0.0308839
-2.22 , 0.0321444
-2.21 , 0.033449
-2.2 , 0.0347988
-2.19 , 0.0361951
-2.18 , 0.0376391
-2.17 , 0.0391321
-2.16 , 0.0406753
-2.15 , 0.04227
-2.14 , 0.0439175
-2.13 , 0.0456191
-2.12 , 0.0473761
-2.11 , 0.0491898
-2.1 , 0.0510617
-2.09 , 0.0529929
-2.08 , 0.0549849
-2.07 , 0.0570391
-2.06 , 0.0591568
-2.05 , 0.0613394
-2.04 , 0.0635883
-2.03 , 0.0659049
-2.02 , 0.0682906
-2.01 , 0.0707467
-2 , 0.0732748
-1.99 , 0.0758761
-1.98 , 0.078552
-1.97 , 0.081304
-1.96 , 0.0841333
-1.95 , 0.0870415
-1.94 , 0.0900299
-1.93 , 0.0930997
-1.92 , 0.0962524
-1.91 , 0.0994892
-1.9 , 0.102811
-1.89 , 0.106221
-1.88 , 0.109718
-1.87 , 0.113304
-1.86 , 0.116981
-1.85 , 0.120749
-1.84 , 0.124611
-1.83 , 0.128566
-1.82 , 0.132616
-1.81 , 0.136763
-1.8 , 0.141006
-1.79 , 0.145348
-1.78 , 0.149789
-1.77 , 0.15433
-1.76 , 0.158971
-1.75 , 0.163714
-1.74 , 0.16856
-1.73 , 0.173508
-1.72 , 0.17856
-1.71 , 0.183716
-1.7 , 0.188977
-1.69 , 0.194342
-1.68 , 0.199813
-1.67 , 0.20539
-1.66 , 0.211073
-1.65 , 0.216862
-1.64 , 0.222756
-1.63 , 0.228757
-1.62 , 0.234863
-1.61 , 0.241075
-1.6 , 0.247393
-1.59 , 0.253815
-1.58 , 0.260341
-1.57 , 0.266972
-1.56 , 0.273705
-1.55 , 0.28054
-1.54 , 0.287477
-1.53 , 0.294514
-1.52 , 0.30165
-1.51 , 0.308883
-1.5 , 0.316213
-1.49 , 0.323638
-1.48 , 0.331156
-1.47 , 0.338766
-1.46 , 0.346465
-1.45 , 0.354251
-1.44 , 0.362123
-1.43 , 0.370078
-1.42 , 0.378113
-1.41 , 0.386227
-1.4 , 0.394416
-1.39 , 0.402677
-1.38 , 0.411008
-1.37 , 0.419406
-1.36 , 0.427866
-1.35 , 0.436387
-1.34 , 0.444963
-1.33 , 0.453593
-1.32 , 0.462271
-1.31 , 0.470993
-1.3 , 0.479757
-1.29 , 0.488557
-1.28 , 0.497389
-1.27 , 0.506248
-1.26 , 0.51513
-1.25 , 0.524031
-1.24 , 0.532944
-1.23 , 0.541865
-1.22 , 0.550789
-1.21 , 0.559711
-1.2 , 0.568624
-1.19 , 0.577524
-1.18 , 0.586404
-1.17 , 0.59526
-1.16 , 0.604083
-1.15 , 0.61287
-1.14 , 0.621613
-1.13 , 0.630306
-1.12 , 0.638943
-1.11 , 0.647517
-1.1 , 0.656021
-1.09 , 0.66445
-1.08 , 0.672795
-1.07 , 0.681051
-1.06 , 0.68921
-1.05 , 0.697265
-1.04 , 0.70521
-1.03 , 0.713036
-1.02 , 0.720737
-1.01 , 0.728306
-1 , 0.735734
-0.99 , 0.743016
-0.98 , 0.750143
-0.97 , 0.757108
-0.96 , 0.763904
-0.95 , 0.770523
-0.94 , 0.776958
-0.93 , 0.783201
-0.92 , 0.789245
-0.91 , 0.795083
-0.9 , 0.800708
-0.89 , 0.806111
-0.88 , 0.811286
-0.87 , 0.816226
-0.86 , 0.820923
-0.85 , 0.82537
-0.84 , 0.829561
-0.83 , 0.833488
-0.82 , 0.837144
-0.81 , 0.840524
-0.8 , 0.84362
-0.79 , 0.846425
-0.78 , 0.848934
-0.77 , 0.851141
-0.76 , 0.853038
-0.75 , 0.854621
-0.74 , 0.855883
-0.73 , 0.856819
-0.72 , 0.857424
-0.71 , 0.857693
-0.7 , 0.857619
-0.69 , 0.857199
-0.68 , 0.856428
-0.67 , 0.855302
-0.66 , 0.853816
-0.65 , 0.851967
-0.64 , 0.84975
-0.63 , 0.847163
-0.62 , 0.844202
-0.61 , 0.840865
-0.6 , 0.837148
-0.59 , 0.833049
-0.58 , 0.828567
-0.57 , 0.823699
-0.56 , 0.818444
-0.55 , 0.8128
-0.54 , 0.806768
-0.53 , 0.800345
-0.52 , 0.793532
-0.51 , 0.786329
-0.5 , 0.778736
-0.49 , 0.770753
-0.48 , 0.762383
-0.47 , 0.753625
-0.46 , 0.744481
-0.45 , 0.734954
-0.44 , 0.725046
-0.43 , 0.714758
-0.42 , 0.704095
-0.41 , 0.693059
-0.4 , 0.681654
-0.39 , 0.669884
-0.38 , 0.657752
-0.37 , 0.645264
-0.36 , 0.632424
-0.35 , 0.619237
-0.34 , 0.60571
-0.33 , 0.591846
-0.32 , 0.577654
-0.31 , 0.563139
-0.3 , 0.548307
-0.29 , 0.533166
-0.28 , 0.517724
-0.27 , 0.501987
-0.26 , 0.485963
-0.25 , 0.469662
-0.24 , 0.45309
-0.23 , 0.436256
-0.22 , 0.419171
-0.21 , 0.401841
-0.2 , 0.384278
-0.19 , 0.366491
-0.18 , 0.348489
-0.17 , 0.330282
-0.16 , 0.311881
-0.15 , 0.293296
-0.14 , 0.274538
-0.13 , 0.255618
-0.12 , 0.236545
-0.11 , 0.217332
-0.1 , 0.19799
-0.09 , 0.17853
-0.08 , 0.158963
-0.07 , 0.139302
-0.06 , 0.119557
-0.05 , 0.0997404
-0.04 , 0.0798641
-0.03 , 0.05994
-0.02 , 0.03998
-0.01 , 0.019996
3.26936e-013 , -6.55032e-013
0.01 , -0.019996
0.02 , -0.03998
0.03 , -0.05994
0.04 , -0.0798641
0.05 , -0.0997404
0.06 , -0.119557
0.07 , -0.139302
0.08 , -0.158963
0.09 , -0.17853
0.1 , -0.19799
0.11 , -0.217332
0.12 , -0.236545
0.13 , -0.255618
0.14 , -0.274538
0.15 , -0.293296
0.16 , -0.311881
0.17 , -0.330282
0.18 , -0.348489
0.19 , -0.366491
0.2 , -0.384278
0.21 , -0.401841
0.22 , -0.419171
0.23 , -0.436256
0.24 , -0.45309
0.25 , -0.469662
0.26 , -0.485963
0.27 , -0.501987
0.28 , -0.517724
0.29 , -0.533166
0.3 , -0.548307
0.31 , -0.563139
0.32 , -0.577654
0.33 , -0.591846
0.34 , -0.60571
0.35 , -0.619237
0.36 , -0.632424
0.37 , -0.645264
0.38 , -0.657752
0.39 , -0.669884
0.4 , -0.681654
0.41 , -0.693059
0.42 , -0.704095
0.43 , -0.714758
0.44 , -0.725046
0.45 , -0.734954
0.46 , -0.744481
0.47 , -0.753625
0.48 , -0.762383
0.49 , -0.770753
0.5 , -0.778736
0.51 , -0.786329
0.52 , -0.793532
0.53 , -0.800345
0.54 , -0.806768
0.55 , -0.8128
0.56 , -0.818444
0.57 , -0.823699
0.58 , -0.828567
0.59 , -0.833049
0.6 , -0.837148
0.61 , -0.840865
0.62 , -0.844202
0.63 , -0.847163
0.64 , -0.84975
0.65 , -0.851967
0.66 , -0.853816
0.67 , -0.855302
0.68 , -0.856428
0.69 , -0.857199
0.7 , -0.857619
0.71 , -0.857693
0.72 , -0.857424
0.73 , -0.856819
0.74 , -0.855883
0.75 , -0.854621
0.76 , -0.853038
0.77 , -0.851141
0.78 , -0.848934
0.79 , -0.846425
0.8 , -0.84362
0.81 , -0.840524
0.82 , -0.837144
0.83 , -0.833488
0.84 , -0.829561
0.85 , -0.82537
0.86 , -0.820923
0.87 , -0.816226
0.88 , -0.811286
0.89 , -0.806111
0.9 , -0.800708
0.91 , -0.795083
0.92 , -0.789245
0.93 , -0.783201
0.94 , -0.776958
0.95 , -0.770523
0.96 , -0.763904
0.97 , -0.757108
0.98 , -0.750143
0.99 , -0.743016
1 , -0.735734
1.01 , -0.728306
1.02 , -0.720737
1.03 , -0.713036
1.04 , -0.70521
1.05 , -0.697265
1.06 , -0.68921
1.07 , -0.681051
1.08 , -0.672795
1.09 , -0.66445
1.1 , -0.656021
1.11 , -0.647517
1.12 , -0.638943
1.13 , -0.630306
1.14 , -0.621613
1.15 , -0.61287
1.16 , -0.604083
1.17 , -0.59526
1.18 , -0.586404
1.19 , -0.577524
1.2 , -0.568624
1.21 , -0.559711
1.22 , -0.550789
1.23 , -0.541865
1.24 , -0.532944
1.25 , -0.524031
1.26 , -0.51513
1.27 , -0.506248
1.28 , -0.497389
1.29 , -0.488557
1.3 , -0.479757
1.31 , -0.470993
1.32 , -0.462271
1.33 , -0.453593
1.34 , -0.444963
1.35 , -0.436387
1.36 , -0.427866
1.37 , -0.419406
1.38 , -0.411008
1.39 , -0.402677
1.4 , -0.394416
1.41 , -0.386227
1.42 , -0.378113
1.43 , -0.370078
1.44 , -0.362123
1.45 , -0.354251
1.46 , -0.346465
1.47 , -0.338766
1.48 , -0.331156
1.49 , -0.323638
1.5 , -0.316213
1.51 , -0.308883
1.52 , -0.30165
1.53 , -0.294514
1.54 , -0.287477
1.55 , -0.28054
1.56 , -0.273705
1.57 , -0.266972
1.58 , -0.260341
1.59 , -0.253815
1.6 , -0.247393
1.61 , -0.241075
1.62 , -0.234863
1.63 , -0.228757
1.64 , -0.222756
1.65 , -0.216862
1.66 , -0.211073
1.67 , -0.20539
1.68 , -0.199813
1.69 , -0.194342
1.7 , -0.188977
1.71 , -0.183716
1.72 , -0.17856
1.73 , -0.173508
1.74 , -0.16856
1.75 , -0.163714
1.76 , -0.158971
1.77 , -0.15433
1.78 , -0.149789
1.79 , -0.145348
1.8 , -0.141006
1.81 , -0.136763
1.82 , -0.132616
1.83 , -0.128566
1.84 , -0.124611
1.85 , -0.120749
1.86 , -0.116981
1.87 , -0.113304
1.88 , -0.109718
1.89 , -0.106221
1.9 , -0.102811
1.91 , -0.0994892
1.92 , -0.0962524
1.93 , -0.0930997
1.94 , -0.0900299
1.95 , -0.0870415
1.96 , -0.0841333
1.97 , -0.081304
1.98 , -0.078552
1.99 , -0.0758761
2 , -0.0732748
2.01 , -0.0707467
2.02 , -0.0682906
2.03 , -0.0659049
2.04 , -0.0635883
2.05 , -0.0613394
2.06 , -0.0591568
2.07 , -0.0570391
2.08 , -0.0549849
2.09 , -0.0529929
2.1 , -0.0510617
2.11 , -0.0491898
2.12 , -0.0473761
2.13 , -0.0456191
2.14 , -0.0439175
2.15 , -0.04227
2.16 , -0.0406753
2.17 , -0.0391321
2.18 , -0.0376391
2.19 , -0.0361951
2.2 , -0.0347988
2.21 , -0.033449
2.22 , -0.0321444
2.23 , -0.0308839
2.24 , -0.0296663
2.25 , -0.0284905
2.26 , -0.0273552
2.27 , -0.0262594
2.28 , -0.025202
2.29 , -0.0241819
2.3 , -0.023198
2.31 , -0.0222492
2.32 , -0.0213346
2.33 , -0.0204531
2.34 , -0.0196037
2.35 , -0.0187855
2.36 , -0.0179975
2.37 , -0.0172389
2.38 , -0.0165086
2.39 , -0.0158058
2.4 , -0.0151296
2.41 , -0.0144792
2.42 , -0.0138538
2.43 , -0.0132525
2.44 , -0.0126746
2.45 , -0.0121192
2.46 , -0.0115856
2.47 , -0.0110732
2.48 , -0.0105811
2.49 , -0.0101087
2.5 , -0.00965533
2.51 , -0.00922028
2.52 , -0.00880293
2.53 , -0.00840266
2.54 , -0.00801886
2.55 , -0.00765095
2.56 , -0.00729834
2.57 , -0.00696048
2.58 , -0.00663684
2.59 , -0.00632688
2.6 , -0.00603011
2.61 , -0.00574602
2.62 , -0.00547414
2.63 , -0.005214
2.64 , -0.00496516
2.65 , -0.00472719
2.66 , -0.00449965
2.67 , -0.00428215
2.68 , -0.0040743
2.69 , -0.0038757
2.7 , -0.00368599
2.71 , -0.00350483
2.72 , -0.00333185
2.73 , -0.00316673
2.74 , -0.00300916
2.75 , -0.00285882
2.76 , -0.0027154
2.77 , -0.00257864
2.78 , -0.00244824
2.79 , -0.00232394
2.8 , -0.00220548
2.81 , -0.00209261
2.82 , -0.0019851
2.83 , -0.00188271
2.84 , -0.00178522
2.85 , -0.00169243
2.86 , -0.00160411
2.87 , -0.00152008
2.88 , -0.00144015
2.89 , -0.00136413
2.9 , -0.00129185
2.91 , -0.00122314
2.92 , -0.00115784
2.93 , -0.00109579
2.94 , -0.00103685
2.95 , -0.000980873
2.96 , -0.000927721
2.97 , -0.000877264
2.98 , -0.000829375
2.99 , -0.000783936
3 , -0.000740829
3.01 , -0.000699945
3.02 , -0.000661178
3.03 , -0.000624426
3.04 , -0.000589592
3.05 , -0.000556585
3.06 , -0.000525314
3.07 , -0.000495696
3.08 , -0.00046765
3.09 , -0.000441097
3.1 , -0.000415965
3.11 , -0.000392182
3.12 , -0.000369681
3.13 , -0.000348397
3.14 , -0.00032827
3.15 , -0.000309241
3.16 , -0.000291254
3.17 , -0.000274255
3.18 , -0.000258194
3.19 , -0.000243023
3.2 , -0.000228695
3.21 , -0.000215167
3.22 , -0.000202397
3.23 , -0.000190344
3.24 , -0.000178972
3.25 , -0.000168244
3.26 , -0.000158126
3.27 , -0.000148585
3.28 , -0.000139591
3.29 , -0.000131114
3.3 , -0.000123126
3.31 , -0.0001156
3.32 , -0.000108512
3.33 , -0.000101837
3.34 , -9.55521e-005
3.35 , -8.96368e-005
3.36 , -8.40701e-005
3.37 , -7.88327e-005
3.38 , -7.39061e-005
3.39 , -6.92729e-005
3.4 , -6.49166e-005
3.41 , -6.08216e-005
3.42 , -5.6973e-005
3.43 , -5.33568e-005
3.44 , -4.99598e-005
3.45 , -4.67692e-005
3.46 , -4.37733e-005
3.47 , -4.09608e-005
3.48 , -3.8321e-005
3.49 , -3.58438e-005
3.5 , -3.35198e-005
3.51 , -3.134e-005
3.52 , -2.92958e-005
3.53 , -2.73793e-005
3.54 , -2.55828e-005
3.55 , -2.38992e-005
3.56 , -2.23218e-005
3.57 , -2.08441e-005
3.58 , -1.94603e-005
3.59 , -1.81645e-005
3.6 , -1.69515e-005
3.61 , -1.58162e-005
3.62 , -1.47539e-005
3.63 , -1.376e-005
3.64 , -1.28305e-005
3.65 , -1.19613e-005
3.66 , -1.11486e-005
3.67 , -1.0389e-005
3.68 , -9.67914e-006
3.69 , -9.01592e-006
3.7 , -8.3964e-006
3.71 , -7.81783e-006
3.72 , -7.27762e-006
3.73 , -6.77333e-006
3.74 , -6.30268e-006
3.75 , -5.86352e-006
3.76 , -5.45383e-006
3.77 , -5.07172e-006
3.78 , -4.7154e-006
3.79 , -4.38321e-006
3.8 , -4.07358e-006
3.81 , -3.78503e-006
3.82 , -3.5162e-006
3.83 , -3.26579e-006
3.84 , -3.03258e-006
3.85 , -2.81544e-006
3.86 , -2.61331e-006
3.87 , -2.42519e-006
3.88 , -2.25015e-006
3.89 , -2.08731e-006
3.9 , -1.93585e-006
3.91 , -1.79502e-006
3.92 , -1.66408e-006
3.93 , -1.54238e-006
3.94 , -1.42928e-006
3.95 , -1.32421e-006
3.96 , -1.2266e-006
3.97 , -1.13596e-006
3.98 , -1.05179e-006
3.99 , -9.73663e-007
4 , -9.01152e-007
4.01 , -8.33869e-007
4.02 , -7.7145e-007
4.03 , -7.13557e-007
4.04 , -6.59872e-007
4.05 , -6.101e-007
4.06 , -5.63966e-007
4.07 , -5.21214e-007
4.08 , -4.81603e-007
4.09 , -4.4491e-007
4.1 , -4.10929e-007
4.11 , -3.79465e-007
4.12 , -3.50338e-007
4.13 , -3.2338e-007
4.14 , -2.98435e-007
4.15 , -2.75357e-007
4.16 , -2.54012e-007
4.17 , -2.34273e-007
4.18 , -2.16024e-007
4.19 , -1.99155e-007
4.2 , -1.83566e-007
4.21 , -1.69162e-007
4.22 , -1.55856e-007
4.23 , -1.43568e-007
4.24 , -1.32221e-007
4.25 , -1.21746e-007
4.26 , -1.12078e-007
4.27 , -1.03156e-007
4.28 , -9.4925e-008
4.29 , -8.73328e-008
4.3 , -8.03314e-008
4.31 , -7.38761e-008
4.32 , -6.79256e-008
4.33 , -6.24415e-008
4.34 , -5.73884e-008
4.35 , -5.27335e-008
4.36 , -4.84461e-008
4.37 , -4.44982e-008
4.38 , -4.08636e-008
4.39 , -3.75182e-008
4.4 , -3.44396e-008
4.41 , -3.16072e-008
4.42 , -2.90017e-008
4.43 , -2.66056e-008
4.44 , -2.44024e-008
4.45 , -2.23771e-008
4.46 , -2.05156e-008
4.47 , -1.88052e-008
4.48 , -1.72338e-008
4.49 , -1.57905e-008
4.5 , -1.44651e-008
4.51 , -1.32483e-008
4.52 , -1.21313e-008
4.53 , -1.11062e-008
4.54 , -1.01656e-008
4.55 , -9.30284e-009
4.56 , -8.51153e-009
4.57 , -7.78593e-009
4.58 , -7.12073e-009
4.59 , -6.51103e-009
4.6 , -5.95231e-009
4.61 , -5.44043e-009
4.62 , -4.97154e-009
4.63 , -4.54214e-009
4.64 , -4.14898e-009
4.65 , -3.78907e-009
4.66 , -3.45968e-009
4.67 , -3.15827e-009
4.68 , -2.88254e-009
4.69 , -2.63034e-009
4.7 , -2.39971e-009
4.71 , -2.18886e-009
4.72 , -1.99612e-009
4.73 , -1.81999e-009
4.74 , -1.65905e-009
4.75 , -1.51204e-009
4.76 , -1.37778e-009
4.77 , -1.25518e-009
4.78 , -1.14325e-009
4.79 , -1.04109e-009
4.8 , -9.47872e-010
4.81 , -8.62821e-010
4.82 , -7.85241e-010
4.83 , -7.1449e-010
4.84 , -6.49982e-010
4.85 , -5.91177e-010
4.86 , -5.37582e-010
4.87 , -4.88746e-010
4.88 , -4.44256e-010
4.89 , -4.03733e-010
4.9 , -3.66832e-010
4.91 , -3.33235e-010
4.92 , -3.02654e-010
4.93 , -2.74823e-010
4.94 , -2.495e-010
4.95 , -2.26465e-010
4.96 , -2.05514e-010
4.97 , -1.86463e-010
4.98 , -1.69144e-010
4.99 , -1.53402e-010
5 , -1.39097e-010
5.01 , -1.261e-010
5.02 , -1.14294e-010
5.03 , -1.03573e-010
5.04 , -9.38378e-011
5.05 , -8.50004e-011
5.06 , -7.69797e-011
5.07 , -6.97015e-011
5.08 , -6.30987e-011
5.09 , -5.71096e-011
5.1 , -5.16785e-011
5.11 , -4.67544e-011
5.12 , -4.22908e-011
5.13 , -3.82456e-011
5.14 , -3.45802e-011
5.15 , -3.12598e-011
5.16 , -2.82524e-011
5.17 , -2.55292e-011
5.18 , -2.30637e-011
5.19 , -2.08321e-011
5.2 , -1.88126e-011
5.21 , -1.69855e-011
5.22 , -1.53326e-011
5.23 , -1.38378e-011
5.24 , -1.24861e-011
5.25 , -1.12642e-011
5.26 , -1.01598e-011
5.27 , -9.16186e-012
5.28 , -8.26023e-012
5.29 , -7.44581e-012
5.3 , -6.71032e-012
5.31 , -6.04626e-012
5.32 , -5.4468e-012
5.33 , -4.90577e-012
5.34 , -4.41759e-012
5.35 , -3.97718e-012
5.36 , -3.57994e-012
5.37 , -3.22173e-012
5.38 , -2.89877e-012
5.39 , -2.60765e-012
5.4 , -2.34529e-012
5.41 , -2.1089e-012
5.42 , -1.89595e-012
5.43 , -1.70416e-012
5.44 , -1.53146e-012
5.45 , -1.37598e-012
5.46 , -1.23603e-012
5.47 , -1.11009e-012
5.48 , -9.9678e-013
5.49 , -8.94854e-013
5.5 , -8.03187e-013
5.51 , -7.20764e-013
5.52 , -6.46667e-013
5.53 , -5.8007e-013
5.54 , -5.20226e-013
5.55 , -4.66461e-013
5.56 , -4.18167e-013
5.57 , -3.74798e-013
5.58 , -3.35858e-013
5.59 , -3.00902e-013
5.6 , -2.6953e-013
5.61 , -2.4138e-013
5.62 , -2.16126e-013
5.63 , -1.93474e-013
5.64 , -1.73162e-013
5.65 , -1.54951e-013
5.66 , -1.38626e-013
5.67 , -1.23997e-013
5.68 , -1.10888e-013
5.69 , -9.91458e-014
5.7 , -8.86286e-014
5.71 , -7.9211e-014
5.72 , -7.07797e-014
5.73 , -6.3233e-014
5.74 , -5.64795e-014
5.75 , -5.04371e-014
5.76 , -4.50319e-014
5.77 , -4.01979e-014
5.78 , -3.58755e-014
5.79 , -3.20113e-014
5.8 , -2.85576e-014
5.81 , -2.54713e-014
5.82 , -2.2714e-014
5.83 , -2.0251e-014
5.84 , -1.80515e-014
5.85 , -1.60876e-014
5.86 , -1.43344e-014
5.87 , -1.27697e-014
5.88 , -1.13735e-014
5.89 , -1.01279e-014
5.9 , -9.01685e-015
5.91 , -8.02609e-015
5.92 , -7.14273e-015
5.93 , -6.35531e-015
5.94 , -5.65355e-015
5.95 , -5.02826e-015
5.96 , -4.47122e-015
5.97 , -3.97508e-015
5.98 , -3.53328e-015
5.99 , -3.13995e-015
6 , -2.78983e-015
6.01 , -2.47826e-015
6.02 , -2.20103e-015
6.03 , -1.95442e-015
6.04 , -1.73509e-015
6.05 , -1.54006e-015
6.06 , -1.36667e-015
6.07 , -1.21256e-015
6.08 , -1.07561e-015
6.09 , -9.53938e-016
6.1 , -8.45854e-016
6.11 , -7.49865e-016
6.12 , -6.64634e-016
6.13 , -5.88971e-016
6.14 , -5.21816e-016
6.15 , -4.62225e-016
6.16 , -4.09356e-016
6.17 , -3.6246e-016
6.18 , -3.20872e-016
6.19 , -2.83998e-016
6.2 , -2.51311e-016
6.21 , -2.2234e-016
6.22 , -1.9667e-016
6.23 , -1.73928e-016
6.24 , -1.53785e-016
6.25 , -1.35947e-016
6.26 , -1.20154e-016
6.27 , -1.06174e-016
6.28 , -9.38011e-017
6.29 , -8.28537e-017
6.3 , -7.31691e-017
6.31 , -6.46034e-017
6.32 , -5.7029e-017
6.33 , -5.03324e-017
6.34 , -4.44132e-017
6.35 , -3.91821e-017
6.36 , -3.45602e-017
6.37 , -3.04773e-017
6.38 , -2.68713e-017
6.39 , -2.36872e-017
6.4 , -2.08761e-017
6.41 , -1.83949e-017
6.42 , -1.62054e-017
6.43 , -1.42736e-017
6.44 , -1.25695e-017
6.45 , -1.10666e-017
6.46 , -9.74144e-018
6.47 , -8.57323e-018
6.48 , -7.54358e-018
6.49 , -6.63626e-018
6.5 , -5.83688e-018
6.51 , -5.13275e-018
6.52 , -4.51265e-018
6.53 , -3.96667e-018
6.54 , -3.48604e-018
6.55 , -3.06302e-018
6.56 , -2.6908e-018
6.57 , -2.36332e-018
6.58 , -2.07528e-018
6.59 , -1.82198e-018
6.6 , -1.59928e-018
6.61 , -1.40351e-018
6.62 , -1.23145e-018
6.63 , -1.08027e-018
6.64 , -9.47459e-019
6.65 , -8.30807e-019
6.66 , -7.2837e-019
6.67 , -6.38434e-019
6.68 , -5.5949e-019
6.69 , -4.90208e-019
6.7 , -4.29419e-019
6.71 , -3.76092e-019
6.72 , -3.2932e-019
6.73 , -2.88307e-019
6.74 , -2.52351e-019
6.75 , -2.20834e-019
6.76 , -1.93215e-019
6.77 , -1.69015e-019
6.78 , -1.47817e-019
6.79 , -1.29251e-019
6.8 , -1.12994e-019
6.81 , -9.87623e-020
6.82 , -8.63054e-020
6.83 , -7.54045e-020
6.84 , -6.58671e-020
6.85 , -5.75244e-020
6.86 , -5.02282e-020
6.87 , -4.38486e-020
6.88 , -3.82715e-020
6.89 , -3.33971e-020
6.9 , -2.91375e-020
6.91 , -2.54162e-020
6.92 , -2.21656e-020
6.93 , -1.93268e-020
6.94 , -1.68482e-020
6.95 , -1.46845e-020
6.96 , -1.27961e-020
6.97 , -1.11483e-020
6.98 , -9.71071e-021
6.99 , -8.45679e-021
7 , -7.3633e-021
7.01 , -6.40991e-021
7.02 , -5.57884e-021
7.03 , -4.85454e-021
7.04 , -4.22342e-021
7.05 , -3.6736e-021
7.06 , -3.19472e-021
7.07 , -2.7777e-021
7.08 , -2.41463e-021
7.09 , -2.0986e-021
7.1 , -1.82355e-021
7.11 , -1.58424e-021
7.12 , -1.37605e-021
7.13 , -1.19498e-021
7.14 , -1.03753e-021
7.15 , -9.00642e-022
7.16 , -7.81656e-022
7.17 , -6.78253e-022
7.18 , -5.8841e-022
7.19 , -5.10364e-022
7.2 , -4.42581e-022
7.21 , -3.83723e-022
7.22 , -3.32625e-022
7.23 , -2.88274e-022
7.24 , -2.49786e-022
7.25 , -2.16392e-022
7.26 , -1.87425e-022
7.27 , -1.62303e-022
7.28 , -1.4052e-022
7.29 , -1.21636e-022
7.3 , -1.05268e-022
7.31 , -9.10849e-023
7.32 , -7.87966e-023
7.33 , -6.81523e-023
7.34 , -5.8934e-023
7.35 , -5.09522e-023
7.36 , -4.40426e-023
7.37 , -3.80624e-023
7.38 , -3.28875e-023
7.39 , -2.84104e-023
7.4 , -2.45379e-023
7.41 , -2.11889e-023
7.42 , -1.82933e-023
7.43 , -1.57903e-023
7.44 , -1.36269e-023
7.45 , -1.17576e-023
7.46 , -1.01427e-023
7.47 , -8.7478e-024
7.48 , -7.54322e-024
7.49 , -6.50321e-024
7.5 , -5.60545e-024
7.51 , -4.83065e-024
7.52 , -4.16211e-024
7.53 , -3.58537e-024
7.54 , -3.08792e-024
7.55 , -2.65896e-024
7.56 , -2.28912e-024
7.57 , -1.97033e-024
7.58 , -1.69559e-024
7.59 , -1.45886e-024
7.6 , -1.25494e-024
7.61 , -1.0793e-024
7.62 , -9.28053e-025
7.63 , -7.97842e-025
7.64 , -6.85762e-025
7.65 , -5.89308e-025
7.66 , -5.06318e-025
7.67 , -4.34928e-025
7.68 , -3.73528e-025
7.69 , -3.20732e-025
7.7 , -2.75342e-025
7.71 , -2.36328e-025
7.72 , -2.02802e-025
7.73 , -1.73996e-025
7.74 , -1.49252e-025
7.75 , -1.28001e-025
7.76 , -1.09754e-025
7.77 , -9.40886e-026
7.78 , -8.06431e-026
7.79 , -6.91051e-026
7.8 , -5.92059e-026
7.81 , -5.07145e-026
7.82 , -4.34323e-026
7.83 , -3.71882e-026
7.84 , -3.18354e-026
7.85 , -2.72475e-026
7.86 , -2.33162e-026
7.87 , -1.9948e-026
7.88 , -1.70629e-026
7.89 , -1.45922e-026
7.9 , -1.24767e-026
7.91 , -1.06658e-026
7.92 , -9.11585e-027
7.93 , -7.78958e-027
7.94 , -6.65493e-027
7.95 , -5.68441e-027
7.96 , -4.85444e-027
7.97 , -4.14482e-027
7.98 , -3.53822e-027
7.99 , -3.01979e-027
8 , -2.5768e-027
8.01 , -2.19835e-027
8.02 , -1.87511e-027
8.03 , -1.59907e-027
8.04 , -1.3634e-027
8.05 , -1.16222e-027
8.06 , -9.90531e-028
8.07 , -8.44033e-028
8.08 , -7.19057e-028
8.09 , -6.12463e-028
8.1 , -5.21565e-028
8.11 , -4.44068e-028
8.12 , -3.7801e-028
8.13 , -3.21714e-028
8.14 , -2.73747e-028
8.15 , -2.32884e-028
8.16 , -1.98082e-028
8.17 , -1.68446e-028
8.18 , -1.43215e-028
8.19 , -1.21739e-028
8.2 , -1.03463e-028
8.21 , -8.79125e-029
8.22 , -7.46844e-029
8.23 , -6.34338e-029
8.24 , -5.38673e-029
8.25 , -4.57342e-029
8.26 , -3.88213e-029
8.27 , -3.29467e-029
8.28 , -2.79554e-029
8.29 , -2.37155e-029
8.3 , -2.01146e-029
8.31 , -1.7057e-029
8.32 , -1.44613e-029
8.33 , -1.22581e-029
8.34 , -1.03885e-029
8.35 , -8.80223e-030
8.36 , -7.4567e-030
8.37 , -6.31558e-030
8.38 , -5.34801e-030
8.39 , -4.52777e-030
8.4 , -3.83255e-030
8.41 , -3.24343e-030
8.42 , -2.74432e-030
8.43 , -2.32154e-030
8.44 , -1.9635e-030
8.45 , -1.66034e-030
8.46 , -1.40371e-030
8.47 , -1.1865e-030
8.48 , -1.0027e-030
8.49 , -8.47207e-031
8.5 , -7.1568e-031
8.51 , -6.04451e-031
8.52 , -5.10406e-031
8.53 , -4.30906e-031
8.54 , -3.63716e-031
8.55 , -3.06941e-031
8.56 , -2.58976e-031
8.57 , -2.18463e-031
8.58 , -1.8425e-031
8.59 , -1.55364e-031
8.6 , -1.3098e-031
8.61 , -1.10401e-031
8.62 , -9.30362e-032
8.63 , -7.83871e-032
8.64 , -6.60313e-032
8.65 , -5.56119e-032
8.66 , -4.68272e-032
8.67 , -3.94222e-032
8.68 , -3.31816e-032
8.69 , -2.79232e-032
8.7 , -2.34934e-032
8.71 , -1.97624e-032
8.72 , -1.66205e-032
8.73 , -1.39754e-032
8.74 , -1.17488e-032
8.75 , -9.87502e-033
8.76 , -8.29839e-033
8.77 , -6.97209e-033
8.78 , -5.85658e-033
8.79 , -4.91856e-033
8.8 , -4.12995e-033
8.81 , -3.46708e-033
8.82 , -2.91001e-033
8.83 , -2.44196e-033
8.84 , -2.04878e-033
8.85 , -1.71856e-033
8.86 , -1.44128e-033
8.87 , -1.20849e-033
8.88 , -1.01309e-033
8.89 , -8.4912e-034
8.9 , -7.11544e-034
8.91 , -5.96138e-034
8.92 , -4.99349e-034
8.93 , -4.18191e-034
8.94 , -3.50152e-034
8.95 , -2.93125e-034
8.96 , -2.45336e-034
8.97 , -2.05296e-034
8.98 , -1.71757e-034
8.99 , -1.43668e-034
9 , -1.20149e-034
9.01 , -1.00459e-034
9.02 , -8.39795e-035
9.03 , -7.01891e-035
9.04 , -5.86514e-035
9.05 , -4.90005e-035
9.06 , -4.09293e-035
9.07 , -3.41807e-035
9.08 , -2.85391e-035
9.09 , -2.38239e-035
9.1 , -1.98837e-035
9.11 , -1.65918e-035
9.12 , -1.38422e-035
9.13 , -1.15459e-035
9.14 , -9.62856e-036
9.15 , -8.02803e-036
9.16 , -6.69221e-036
9.17 , -5.57754e-036
9.18 , -4.64759e-036
9.19 , -3.87192e-036
9.2 , -3.22506e-036
9.21 , -2.68572e-036
9.22 , -2.23613e-036
9.23 , -1.86143e-036
9.24 , -1.5492e-036
9.25 , -1.28908e-036
9.26 , -1.07243e-036
9.27 , -8.92005e-037
9.28 , -7.41787e-037
9.29 , -6.16742e-037
9.3 , -5.12674e-037
9.31 , -4.2608e-037
9.32 , -3.54041e-037
9.33 , -2.94123e-037
9.34 , -2.44296e-037
9.35 , -2.0287e-037
9.36 , -1.68434e-037
9.37 , -1.39816e-037
9.38 , -1.16036e-037
9.39 , -9.62821e-038
9.4 , -7.98747e-038
9.41 , -6.625e-038
9.42 , -5.49382e-038
9.43 , -4.55488e-038
9.44 , -3.77564e-038
9.45 , -3.12909e-038
9.46 , -2.59273e-038
9.47 , -2.14788e-038
9.48 , -1.779e-038
9.49 , -1.47317e-038
9.5 , -1.21967e-038
9.51 , -1.00959e-038
9.52 , -8.35529e-039
9.53 , -6.91337e-039
9.54 , -5.71915e-039
9.55 , -4.73026e-039
9.56 , -3.91157e-039
9.57 , -3.23393e-039
9.58 , -2.67314e-039
9.59 , -2.20916e-039
9.6 , -1.82534e-039
9.61 , -1.5079e-039
9.62 , -1.24542e-039
9.63 , -1.02842e-039
9.64 , -8.4906e-040
9.65 , -7.0084e-040
9.66 , -5.78378e-040
9.67 , -4.77219e-040
9.68 , -3.93674e-040
9.69 , -3.24689e-040
9.7 , -2.67739e-040
9.71 , -2.20733e-040
9.72 , -1.81944e-040
9.73 , -1.49941e-040
9.74 , -1.23542e-040
9.75 , -1.0177e-040
9.76 , -8.38187e-041
9.77 , -6.90198e-041
9.78 , -5.68223e-041
9.79 , -4.6771e-041
9.8 , -3.849e-041
9.81 , -3.16688e-041
9.82 , -2.60512e-041
9.83 , -2.14258e-041
9.84 , -1.7618e-041
9.85 , -1.44841e-041
9.86 , -1.19053e-041
9.87 , -9.78359e-042
9.88 , -8.03842e-042
9.89 , -6.60322e-042
9.9 , -5.42317e-042
9.91 , -4.45312e-042
9.92 , -3.65584e-042
9.93 , -3.0007e-042
9.94 , -2.46247e-042
9.95 , -2.02038e-042
9.96 , -1.65732e-042
9.97 , -1.35923e-042
9.98 , -1.11453e-042
9.99 , -9.13703e-043
10 , -7.4891e-043
10.01 , -6.13716e-043
10.02 , -5.02826e-043
10.03 , -4.11889e-043
10.04 , -3.37331e-043
10.05 , -2.76213e-043
10.06 , -2.26124e-043
10.07 , -1.8508e-043
10.08 , -1.51456e-043
10.09 , -1.23915e-043
10.1 , -1.01363e-043
10.11 , -8.28976e-044
10.12 , -6.77828e-044
10.13 , -5.54127e-044
10.14 , -4.52911e-044
10.15 , -3.70108e-044
10.16 , -3.02382e-044
10.17 , -2.47e-044
10.18 , -2.01721e-044
10.19 , -1.64709e-044
10.2 , -1.34461e-044
10.21 , -1.09746e-044
10.22 , -8.95558e-045
10.23 , -7.30653e-045
10.24 , -5.95993e-045
10.25 , -4.86053e-045
10.26 , -3.96314e-045
10.27 , -3.23078e-045
10.28 , -2.63323e-045
10.29 , -2.14577e-045
10.3 , -1.74819e-045
10.31 , -1.424e-045
10.32 , -1.15969e-045
10.33 , -9.44247e-046
10.34 , -7.68676e-046
10.35 , -6.25624e-046
10.36 , -5.09092e-046
10.37 , -4.14183e-046
10.38 , -3.369e-046
10.39 , -2.73982e-046
10.4 , -2.2277e-046
10.41 , -1.81093e-046
10.42 , -1.47184e-046
10.43 , -1.19601e-046
10.44 , -9.71671e-047
10.45 , -7.89254e-047
10.46 , -6.40955e-047
10.47 , -5.20416e-047
10.48 , -4.22461e-047
10.49 , -3.42874e-047
10.5 , -2.78225e-047
10.51 , -2.2572e-047
10.52 , -1.83087e-047
10.53 , -1.48476e-047
10.54 , -1.20384e-047
10.55 , -9.75877e-048
10.56 , -7.90921e-048
10.57 , -6.40891e-048
10.58 , -5.19215e-048
10.59 , -4.20556e-048
10.6 , -3.40575e-048
10.61 , -2.75749e-048
10.62 , -2.23218e-048
10.63 , -1.80658e-048
10.64 , -1.46183e-048
10.65 , -1.18263e-048
10.66 , -9.56566e-049
10.67 , -7.73559e-049
10.68 , -6.25438e-049
10.69 , -5.05578e-049
10.7 , -4.08606e-049
10.71 , -3.30167e-049
10.72 , -2.66733e-049
10.73 , -2.15443e-049
10.74 , -1.7398e-049
10.75 , -1.40469e-049
10.76 , -1.1339e-049
10.77 , -9.15122e-050
10.78 , -7.3841e-050
10.79 , -5.95703e-050
10.8 , -4.80478e-050
10.81 , -3.87464e-050
10.82 , -3.12393e-050
10.83 , -2.51816e-050
10.84 , -2.02945e-050
10.85 , -1.63526e-050
10.86 , -1.31737e-050
10.87 , -1.06107e-050
10.88 , -8.54454e-051
10.89 , -6.87936e-051
10.9 , -5.53758e-051
10.91 , -4.45661e-051
10.92 , -3.58594e-051
10.93 , -2.88478e-051
10.94 , -2.32026e-051
10.95 , -1.86583e-051
10.96 , -1.5001e-051
10.97 , -1.20582e-051
10.98 , -9.69075e-052
10.99 , -7.78654e-052
11 , -6.25525e-052
11.01 , -5.02409e-052
11.02 , -4.03444e-052
11.03 , -3.23908e-052
11.04 , -2.59999e-052
11.05 , -2.08659e-052
11.06 , -1.67422e-052
11.07 , -1.34308e-052
11.08 , -1.07722e-052
11.09 , -8.63814e-053
11.1 , -6.92545e-053
11.11 , -5.55122e-053
11.12 , -4.44879e-053
11.13 , -3.56458e-053
11.14 , -2.85553e-053
11.15 , -2.28707e-053
11.16 , -1.8314e-053
11.17 , -1.46623e-053
11.18 , -1.17363e-053
11.19 , -9.39236e-054
11.2 , -7.51503e-054
11.21 , -6.01173e-054
11.22 , -4.80818e-054
11.23 , -3.84481e-054
11.24 , -3.07385e-054
11.25 , -2.45698e-054
11.26 , -1.96352e-054
11.27 , -1.56885e-054
11.28 , -1.25325e-054
11.29 , -1.00094e-054
11.3 , -7.9927e-055
11.31 , -6.38102e-055
11.32 , -5.0933e-055
11.33 , -4.06464e-055
11.34 , -3.24308e-055
11.35 , -2.58705e-055
11.36 , -2.06332e-055
11.37 , -1.64528e-055
11.38 , -1.31167e-055
11.39 , -1.0455e-055
11.4 , -8.33176e-056
11.41 , -6.63837e-056
11.42 , -5.28809e-056
11.43 , -4.21162e-056
11.44 , -3.35361e-056
11.45 , -2.66986e-056
11.46 , -2.12509e-056
11.47 , -1.69114e-056
11.48 , -1.34553e-056
11.49 , -1.07034e-056
11.5 , -8.51259e-057
11.51 , -6.76884e-057
11.52 , -5.38121e-057
11.53 , -4.27719e-057
11.54 , -3.39899e-057
11.55 , -2.70056e-057
11.56 , -2.14522e-057
11.57 , -1.70373e-057
11.58 , -1.35283e-057
11.59 , -1.07399e-057
11.6 , -8.52448e-058
11.61 , -6.76471e-058
11.62 , -5.36714e-058
11.63 , -4.25745e-058
11.64 , -3.37652e-058
11.65 , -2.67733e-058
11.66 , -2.1225e-058
11.67 , -1.68231e-058
11.68 , -1.33314e-058
11.69 , -1.05623e-058
11.7 , -8.36675e-059
11.71 , -6.62623e-059
11.72 , -5.24673e-059
11.73 , -4.15359e-059
11.74 , -3.28755e-059
11.75 , -2.60155e-059
11.76 , -2.05829e-059
11.77 , -1.62814e-059
11.78 , -1.28763e-059
11.79 , -1.01813e-059
11.8 , -8.04876e-060
11.81 , -6.3616e-060
11.82 , -5.0271e-060
11.83 , -3.97174e-060
11.84 , -3.13731e-060
11.85 , -2.47769e-060
11.86 , -1.95636e-060
11.87 , -1.54441e-060
11.88 , -1.21896e-060
11.89 , -9.61902e-061
11.9 , -7.58899e-061
11.91 , -5.98619e-061
11.92 , -4.72095e-061
11.93 , -3.72238e-061
11.94 , -2.93444e-061
11.95 , -2.31283e-061
11.96 , -1.82253e-061
11.97 , -1.43588e-061
11.98 , -1.13103e-061
11.99 , -8.90721e-062
12 , -7.01332e-062
12.01 , -5.52101e-062
12.02 , -4.34536e-062
12.03 , -3.41937e-062
12.04 , -2.69017e-062
12.05 , -2.11605e-062
12.06 , -1.66412e-062
12.07 , -1.30845e-062
12.08 , -1.02858e-062
12.09 , -8.08421e-063
12.1 , -6.35254e-063
12.11 , -4.99081e-063
12.12 , -3.92019e-063
12.13 , -3.07861e-063
12.14 , -2.41722e-063
12.15 , -1.89754e-063
12.16 , -1.48929e-063
12.17 , -1.16864e-063
12.18 , -9.16837e-064
12.19 , -7.19147e-064
12.2 , -5.63971e-064
12.21 , -4.42189e-064
12.22 , -3.46635e-064
12.23 , -2.71675e-064
12.24 , -2.12883e-064
12.25 , -1.6678e-064
12.26 , -1.30635e-064
12.27 , -1.02303e-064
12.28 , -8.00994e-065
12.29 , -6.27023e-065
12.3 , -4.90739e-065
12.31 , -3.84e-065
12.32 , -3.00417e-065
12.33 , -2.3498e-065
12.34 , -1.83759e-065
12.35 , -1.43675e-065
12.36 , -1.12312e-065
12.37 , -8.77773e-066
12.38 , -6.85887e-066
12.39 , -5.3584e-066
12.4 , -4.18535e-066
12.41 , -3.26844e-066
12.42 , -2.55189e-066
12.43 , -1.99203e-066
12.44 , -1.55469e-066
12.45 , -1.21312e-066
12.46 , -9.46405e-067
12.47 , -7.38181e-067
12.48 , -5.75655e-067
12.49 , -4.48822e-067
12.5 , -3.49863e-067
12.51 , -2.72669e-067
12.52 , -2.12464e-067
12.53 , -1.6552e-067
12.54 , -1.28921e-067
12.55 , -1.00396e-067
12.56 , -7.81657e-068
12.57 , -6.08458e-068
12.58 , -4.73542e-068
12.59 , -3.68467e-068
12.6 , -2.8665e-068
12.61 , -2.22956e-068
12.62 , -1.73379e-068
12.63 , -1.348e-068
12.64 , -1.04784e-068
12.65 , -8.14351e-069
12.66 , -6.32765e-069
12.67 , -4.9157e-069
12.68 , -3.81805e-069
12.69 , -2.96491e-069
12.7 , -2.30194e-069
12.71 , -1.78685e-069
12.72 , -1.38674e-069
12.73 , -1.07601e-069
12.74 , -8.34738e-070
12.75 , -6.47436e-070
12.76 , -5.0206e-070
12.77 , -3.8925e-070
12.78 , -3.01726e-070
12.79 , -2.33836e-070
12.8 , -1.81185e-070
12.81 , -1.40361e-070
12.82 , -1.08713e-070
12.83 , -8.41844e-071
12.84 , -6.5177e-071
12.85 , -5.0451e-071
12.86 , -3.90443e-071
12.87 , -3.02105e-071
12.88 , -2.33707e-071
12.89 , -1.80759e-071
12.9 , -1.39778e-071
12.91 , -1.08067e-071
12.92 , -8.35328e-072
12.93 , -6.45558e-072
12.94 , -4.988e-072
12.95 , -3.85328e-072
12.96 , -2.9761e-072
12.97 , -2.29815e-072
12.98 , -1.77427e-072
12.99 , -1.36954e-072
13 , -1.05693e-072
13.01 , -8.15504e-073
13.02 , -6.29101e-073
13.03 , -4.85208e-073
13.04 , -3.74152e-073
13.05 , -2.88457e-073
13.06 , -2.22345e-073
13.07 , -1.71351e-073
13.08 , -1.32025e-073
13.09 , -1.01705e-073
13.1 , -7.8332e-074
13.11 , -6.03184e-074
13.12 , -4.64379e-074
13.13 , -3.57445e-074
13.14 , -2.75079e-074
13.15 , -2.11651e-074
13.16 , -1.62815e-074
13.17 , -1.25223e-074
13.18 , -9.62904e-075
13.19 , -7.40281e-075
13.2 , -5.69014e-075
13.21 , -4.37283e-075
13.22 , -3.35981e-075
13.23 , -2.58095e-075
13.24 , -1.98225e-075
13.25 , -1.52212e-075
13.26 , -1.16856e-075
13.27 , -8.96952e-076
13.28 , -6.88333e-076
13.29 , -5.28131e-076
13.3 , -4.05132e-076
13.31 , -3.10717e-076
13.32 , -2.38257e-076
13.33 , -1.82659e-076
13.34 , -1.40006e-076
13.35 , -1.07292e-076
13.36 , -8.22054e-077
13.37 , -6.29718e-077
13.38 , -4.82286e-077
13.39 , -3.69297e-077
13.4 , -2.82723e-077
13.41 , -2.164e-077
13.42 , -1.65603e-077
13.43 , -1.26704e-077
13.44 , -9.69231e-078
13.45 , -7.4127e-078
13.46 , -5.66811e-078
13.47 , -4.33324e-078
13.48 , -3.31208e-078
13.49 , -2.53105e-078
13.5 , -1.93381e-078
13.51 , -1.47721e-078
13.52 , -1.12819e-078
13.53 , -8.61456e-079
13.54 , -6.57655e-079
13.55 , -5.01968e-079
13.56 , -3.8306e-079
13.57 , -2.92261e-079
13.58 , -2.2294e-079
13.59 , -1.70027e-079
13.6 , -1.29646e-079
13.61 , -9.88361e-080
13.62 , -7.53328e-080
13.63 , -5.74071e-080
13.64 , -4.37381e-080
13.65 , -3.33171e-080
13.66 , -2.53739e-080
13.67 , -1.93206e-080
13.68 , -1.47084e-080
13.69 , -1.1195e-080
13.7 , -8.51915e-081
13.71 , -6.48158e-081
13.72 , -4.93036e-081
13.73 , -3.74964e-081
13.74 , -2.8511e-081
13.75 , -2.16745e-081
13.76 , -1.6474e-081
13.77 , -1.25187e-081
13.78 , -9.5112e-082
13.79 , -7.22476e-082
13.8 , -5.48687e-082
13.81 , -4.16618e-082
13.82 , -3.16275e-082
13.83 , -2.40052e-082
13.84 , -1.82162e-082
13.85 , -1.38205e-082
13.86 , -1.04834e-082
13.87 , -7.95047e-083
13.88 , -6.02833e-083
13.89 , -4.56998e-083
13.9 , -3.46373e-083
13.91 , -2.62475e-083
13.92 , -1.98858e-083
13.93 , -1.5063e-083
13.94 , -1.14076e-083
13.95 , -8.63751e-084
13.96 , -6.53877e-084
13.97 , -4.94899e-084
13.98 , -3.74499e-084
13.99 , -2.83333e-084
14 , -2.14317e-084
14.01 , -1.6208e-084
14.02 , -1.2255e-084
14.03 , -9.26428e-085
14.04 , -7.00201e-085
14.05 , -5.29111e-085
14.06 , -3.99746e-085
14.07 , -3.01949e-085
14.08 , -2.28032e-085
14.09 , -1.72176e-085
14.1 , -1.29975e-085
14.11 , -9.80985e-086
14.12 , -7.40247e-086
14.13 , -5.58476e-086
14.14 , -4.21254e-086
14.15 , -3.17686e-086
14.16 , -2.39532e-086
14.17 , -1.80569e-086
14.18 , -1.36093e-086
14.19 , -1.02551e-086
14.2 , -7.72606e-087
14.21 , -5.81954e-087
14.22 , -4.38261e-087
14.23 , -3.29981e-087
14.24 , -2.48404e-087
14.25 , -1.86957e-087
14.26 , -1.40682e-087
14.27 , -1.05839e-087
14.28 , -7.96099e-088
14.29 , -5.98689e-088
14.3 , -4.50141e-088
14.31 , -3.38383e-088
14.32 , -2.54321e-088
14.33 , -1.91103e-088
14.34 , -1.43571e-088
14.35 , -1.0784e-088
14.36 , -8.09848e-089
14.37 , -6.08053e-089
14.38 , -4.56449e-089
14.39 , -3.42575e-089
14.4 , -2.57059e-089
14.41 , -1.92851e-089
14.42 , -1.44652e-089
14.43 , -1.08478e-089
14.44 , -8.13333e-090
14.45 , -6.09691e-090
14.46 , -4.56945e-090
14.47 , -3.42398e-090
14.48 , -2.56514e-090
14.49 , -1.92134e-090
14.5 , -1.43883e-090
14.51 , -1.07728e-090
14.52 , -8.06419e-091
14.53 , -6.0354e-091
14.54 , -4.5161e-091
14.55 , -3.37858e-091
14.56 , -2.52707e-091
14.57 , -1.88979e-091
14.58 , -1.41294e-091
14.59 , -1.0562e-091
14.6 , -7.89372e-092
14.61 , -5.89835e-092
14.62 , -4.40648e-092
14.63 , -3.29129e-092
14.64 , -2.45784e-092
14.65 , -1.83507e-092
14.66 , -1.36983e-092
14.67 , -1.02233e-092
14.68 , -7.62836e-093
14.69 , -5.69093e-093
14.7 , -4.24471e-093
14.71 , -3.16538e-093
14.72 , -2.36002e-093
14.73 , -1.75922e-093
14.74 , -1.3111e-093
14.75 , -9.76936e-094
14.76 , -7.27795e-094
14.77 , -5.42081e-094
14.78 , -4.03676e-094
14.79 , -3.00548e-094
14.8 , -2.23722e-094
14.81 , -1.66501e-094
14.82 , -1.2389e-094
14.83 , -9.21656e-095
14.84 , -6.85512e-095
14.85 , -5.0977e-095
14.86 , -3.79006e-095
14.87 , -2.81729e-095
14.88 , -2.09377e-095
14.89 , -1.55575e-095
14.9 , -1.15575e-095
14.91 , -8.58422e-096
14.92 , -6.37456e-096
14.93 , -4.73274e-096
14.94 , -3.51308e-096
14.95 , -2.60722e-096
14.96 , -1.93454e-096
14.97 , -1.43514e-096
14.98 , -1.06444e-096
14.99 , -7.89334e-097
15 , -5.85214e-097
15.01 , -4.33791e-097
15.02 , -3.21484e-097
15.03 , -2.38206e-097
15.04 , -1.76464e-097
15.05 , -1.307e-097
15.06 , -9.67846e-098
15.07 , -7.16557e-098
15.08 , -5.30405e-098
15.09 , -3.92534e-098
15.1 , -2.90443e-098
15.11 , -2.1486e-098
15.12 , -1.58915e-098
15.13 , -1.17513e-098
15.14 , -8.68803e-099
15.15 , -6.42198e-099
15.16 , -4.74602e-099
15.17 , -3.50674e-099
15.18 , -2.59054e-099
15.19 , -1.91333e-099
15.2 , -1.41287e-099
15.21 , -1.0431e-099
15.22 , -7.69956e-100
15.23 , -5.68221e-100
15.24 , -4.19258e-100
15.25 , -3.09285e-100
15.26 , -2.28112e-100
15.27 , -1.6821e-100
15.28 , -1.24013e-100
15.29 , -9.14107e-101
15.3 , -6.73658e-101
15.31 , -4.96357e-101
15.32 , -3.65647e-101
15.33 , -2.69304e-101
15.34 , -1.98307e-101
15.35 , -1.45997e-101
15.36 , -1.07464e-101
15.37 , -7.90855e-102
15.38 , -5.81892e-102
15.39 , -4.28057e-102
15.4 , -3.14828e-102
15.41 , -2.31503e-102
15.42 , -1.70198e-102
15.43 , -1.25102e-102
15.44 , -9.19368e-103
15.45 , -6.75501e-103
15.46 , -4.96221e-103
15.47 , -3.6445e-103
15.48 , -2.67617e-103
15.49 , -1.96472e-103
15.5 , -1.44212e-103
15.51 , -1.05832e-103
15.52 , -7.76505e-104
15.53 , -5.69619e-104
15.54 , -4.17771e-104
15.55 , -3.0634e-104
15.56 , -2.24586e-104
15.57 , -1.64617e-104
15.58 , -1.20637e-104
15.59 , -8.8389e-105
15.6 , -6.47484e-105
15.61 , -4.74213e-105
15.62 , -3.4724e-105
15.63 , -2.54214e-105
15.64 , -1.86073e-105
15.65 , -1.36169e-105
15.66 , -9.96294e-106
15.67 , -7.28802e-106
15.68 , -5.33021e-106
15.69 , -3.89755e-106
15.7 , -2.8494e-106
15.71 , -2.0827e-106
15.72 , -1.52199e-106
15.73 , -1.11202e-106
15.74 , -8.12316e-107
15.75 , -5.93268e-107
15.76 , -4.33201e-107
15.77 , -3.16257e-107
15.78 , -2.30837e-107
15.79 , -1.68455e-107
15.8 , -1.22906e-107
15.81 , -8.96554e-108
15.82 , -6.53872e-108
15.83 , -4.76785e-108
15.84 , -3.47588e-108
15.85 , -2.53349e-108
15.86 , -1.84624e-108
15.87 , -1.34515e-108
15.88 , -9.79859e-109
15.89 , -7.13626e-109
15.9 , -5.19626e-109
15.91 , -3.78289e-109
15.92 , -2.7534e-109
15.93 , -2.00368e-109
15.94 , -1.45781e-109
15.95 , -1.06044e-109
15.96 , -7.71231e-110
15.97 , -5.60783e-110
15.98 , -4.0768e-110
15.99 , -2.96317e-110
16 , -2.15331e-110
16.01 , -1.56448e-110
16.02 , -1.13644e-110
16.03 , -8.25341e-111
16.04 , -5.99288e-111
16.05 , -4.35061e-111
16.06 , -3.15775e-111
16.07 , -2.29149e-111
16.08 , -1.66254e-111
16.09 , -1.20598e-111
16.1 , -8.74619e-112
16.11 , -6.34179e-112
16.12 , -4.59745e-112
16.13 , -3.33224e-112
16.14 , -2.41472e-112
16.15 , -1.74949e-112
16.16 , -1.26727e-112
16.17 , -9.17783e-113
16.18 , -6.64544e-113
16.19 , -4.81083e-113
16.2 , -3.48201e-113
16.21 , -2.51972e-113
16.22 , -1.823e-113
16.23 , -1.31867e-113
16.24 , -9.53669e-114
16.25 , -6.8956e-114
16.26 , -4.98493e-114
16.27 , -3.60296e-114
16.28 , -2.60359e-114
16.29 , -1.88105e-114
16.3 , -1.35875e-114
16.31 , -9.81276e-115
16.32 , -7.08527e-115
16.33 , -5.11487e-115
16.34 , -3.6917e-115
16.35 , -2.66397e-115
16.36 , -1.92197e-115
16.37 , -1.38636e-115
16.38 , -9.99817e-116
16.39 , -7.20903e-116
16.4 , -5.19692e-116
16.41 , -3.74566e-116
16.42 , -2.69913e-116
16.43 , -1.94461e-116
16.44 , -1.40072e-116
16.45 , -1.00876e-116
16.46 , -7.26329e-117
16.47 , -5.2287e-117
16.48 , -3.76328e-117
16.49 , -2.70803e-117
16.5 , -1.94828e-117
16.51 , -1.40141e-117
16.52 , -1.00783e-117
16.53 , -7.24648e-118
16.54 , -5.20928e-118
16.55 , -3.74405e-118
16.56 , -2.69041e-118
16.57 , -1.9329e-118
16.58 , -1.38839e-118
16.59 , -9.97074e-119
16.6 , -7.15907e-119
16.61 , -5.13923e-119
16.62 , -3.68853e-119
16.63 , -2.6468e-119
16.64 , -1.8989e-119
16.65 , -1.36206e-119
16.66 , -9.76793e-120
16.67 , -7.00362e-120
16.68 , -5.0206e-120
16.69 , -3.59833e-120
16.7 , -2.57846e-120
16.71 , -1.84728e-120
16.72 , -1.32317e-120
16.73 , -9.47576e-121
16.74 , -6.78461e-121
16.75 , -4.85678e-121
16.76 , -3.47605e-121
16.77 , -2.48734e-121
16.78 , -1.7795e-121
16.79 , -1.27284e-121
16.8 , -9.10254e-122
16.81 , -6.50825e-122
16.82 , -4.65242e-122
16.83 , -3.32511e-122
16.84 , -2.376e-122
16.85 , -1.69747e-122
16.86 , -1.21246e-122
16.87 , -8.65859e-123
16.88 , -6.18216e-123
16.89 , -4.41312e-123
16.9 , -3.14966e-123
16.91 , -2.24748e-123
16.92 , -1.6034e-123
16.93 , -1.14366e-123
16.94 , -8.15584e-124
16.95 , -5.81504e-124
16.96 , -4.14523e-124
16.97 , -2.95433e-124
16.98 , -2.10514e-124
16.99 , -1.49974e-124
17 , -1.06823e-124
17.01 , -7.60724e-125
17.02 , -5.41629e-125
17.03 , -3.85558e-125
17.04 , -2.74404e-125
17.05 , -1.95256e-125
17.06 , -1.38909e-125
17.07 , -9.88029e-126
17.08 , -7.02623e-126
17.09 , -4.9956e-126
17.1 , -3.55113e-126
17.11 , -2.52382e-126
17.12 , -1.79334e-126
17.13 , -1.27403e-126
17.14 , -9.04922e-127
17.15 , -6.4262e-127
17.16 , -4.56259e-127
17.17 , -3.23877e-127
17.18 , -2.2986e-127
17.19 , -1.63102e-127
17.2 , -1.15709e-127
17.21 , -8.20709e-128
17.22 , -5.82001e-128
17.23 , -4.1264e-128
17.24 , -2.92504e-128
17.25 , -2.07303e-128
17.26 , -1.4689e-128
17.27 , -1.04062e-128
17.28 , -7.37062e-129
17.29 , -5.21951e-129
17.3 , -3.69546e-129
17.31 , -2.61589e-129
17.32 , -1.85133e-129
17.33 , -1.30997e-129
17.34 , -9.26729e-130
17.35 , -6.55475e-130
17.36 , -4.63525e-130
17.37 , -3.2772e-130
17.38 , -2.31657e-130
17.39 , -1.6372e-130
17.4 , -1.15683e-130
17.41 , -8.17242e-131
17.42 , -5.77225e-131
17.43 , -4.07618e-131
17.44 , -2.87789e-131
17.45 , -2.03146e-131
17.46 , -1.43369e-131
17.47 , -1.01161e-131
17.48 , -7.13651e-132
17.49 , -5.03352e-132
17.5 , -3.54953e-132
17.51 , -2.50255e-132
17.52 , -1.76403e-132
17.53 , -1.24321e-132
17.54 , -8.75982e-133
17.55 , -6.17105e-133
17.56 , -4.34646e-133
17.57 , -3.06073e-133
17.58 , -2.1549e-133
17.59 , -1.51685e-133
17.6 , -1.06751e-133
17.61 , -7.51128e-134
17.62 , -5.28407e-134
17.63 , -3.71652e-134
17.64 , -2.61347e-134
17.65 , -1.83743e-134
17.66 , -1.29157e-134
17.67 , -9.0769e-135
17.68 , -6.37779e-135
17.69 , -4.48039e-135
17.7 , -3.14684e-135
17.71 , -2.20977e-135
17.72 , -1.55143e-135
17.73 , -1.089e-135
17.74 , -7.64258e-136
17.75 , -5.36246e-136
17.76 , -3.76184e-136
17.77 , -2.63846e-136
17.78 , -1.85018e-136
17.79 , -1.29715e-136
17.8 , -9.09239e-137
17.81 , -6.37206e-137
17.82 , -4.46472e-137
17.83 , -3.12768e-137
17.84 , -2.1906e-137
17.85 , -1.53397e-137
17.86 , -1.07395e-137
17.87 , -7.51734e-138
17.88 , -5.26087e-138
17.89 , -3.68098e-138
17.9 , -2.57503e-138
17.91 , -1.801e-138
17.92 , -1.25939e-138
17.93 , -8.80475e-139
17.94 , -6.15443e-139
17.95 , -4.30103e-139
17.96 , -3.00517e-139
17.97 , -2.09932e-139
17.98 , -1.46623e-139
17.99 , -1.02385e-139
18 , -7.14805e-140
18.01 , -4.98941e-140
18.02 , -3.48197e-140
18.03 , -2.42948e-140
18.04 , -1.69478e-140
18.05 , -1.18203e-140
18.06 , -8.24243e-141
18.07 , -5.7464e-141
18.08 , -4.00543e-141
18.09 , -2.79135e-141
18.1 , -1.94489e-141
18.11 , -1.35483e-141
18.12 , -9.43608e-142
18.13 , -6.57067e-142
18.14 , -4.57447e-142
18.15 , -3.18409e-142
18.16 , -2.21586e-142
18.17 , -1.54175e-142
18.18 , -1.0725e-142
18.19 , -7.45921e-143
18.2 , -5.18683e-143
18.21 , -3.60599e-143
18.22 , -2.50646e-143
18.23 , -1.74184e-143
18.24 , -1.21024e-143
18.25 , -8.40706e-144
18.26 , -5.83891e-144
18.27 , -4.05445e-144
18.28 , -2.81479e-144
18.29 , -1.95376e-144
18.3 , -1.35585e-144
18.31 , -9.40728e-145
18.32 , -6.52574e-145
18.33 , -4.52594e-145
18.34 , -3.13834e-145
18.35 , -2.17573e-145
18.36 , -1.50807e-145
18.37 , -1.04509e-145
18.38 , -7.24097e-146
18.39 , -5.01595e-146
18.4 , -3.47395e-146
18.41 , -2.4055e-146
18.42 , -1.66533e-146
18.43 , -1.15268e-146
18.44 , -7.97686e-147
18.45 , -5.51908e-147
18.46 , -3.81781e-147
18.47 , -2.64044e-147
18.48 , -1.82578e-147
18.49 , -1.26222e-147
18.5 , -8.72441e-148
18.51 , -6.02905e-148
18.52 , -4.16558e-148
18.53 , -2.87749e-148
18.54 , -1.98731e-148
18.55 , -1.37224e-148
18.56 , -9.47347e-149
18.57 , -6.53883e-149
18.58 , -4.51236e-149
18.59 , -3.1133e-149
18.6 , -2.14759e-149
18.61 , -1.48113e-149
18.62 , -1.02129e-149
18.63 , -7.04076e-150
18.64 , -4.85291e-150
18.65 , -3.34424e-150
18.66 , -2.30412e-150
18.67 , -1.58718e-150
18.68 , -1.0931e-150
18.69 , -7.52676e-151
18.7 , -5.18166e-151
18.71 , -3.5665e-151
18.72 , -2.4543e-151
18.73 , -1.6886e-151
18.74 , -1.16156e-151
18.75 , -7.98851e-152
18.76 , -5.49293e-152
18.77 , -3.7762e-152
18.78 , -2.59549e-152
18.79 , -1.7836e-152
18.8 , -1.22543e-152
18.81 , -8.41767e-153
18.82 , -5.78107e-153
18.83 , -3.96952e-153
18.84 , -2.72509e-153
18.85 , -1.87041e-153
18.86 , -1.28353e-153
18.87 , -8.80616e-154
18.88 , -6.04062e-154
18.89 , -4.14275e-154
18.9 , -2.8406e-154
18.91 , -1.94735e-154
18.92 , -1.33472e-154
18.93 , -9.14641e-155
18.94 , -6.26648e-155
18.95 , -4.29249e-155
18.96 , -2.93974e-155
18.97 , -2.01289e-155
18.98 , -1.37799e-155
18.99 , -9.43156e-156
19 , -6.45408e-156
19.01 , -4.41569e-156
19.02 , -3.02048e-156
19.03 , -2.06569e-156
19.04 , -1.41244e-156
19.05 , -9.65573e-157
19.06 , -6.59955e-157
19.07 , -4.50979e-157
19.08 , -3.08114e-157
19.09 , -2.10465e-157
19.1 , -1.43735e-157
19.11 , -9.81422e-158
19.12 , -6.69982e-158
19.13 , -4.57281e-158
19.14 , -3.12045e-158
19.15 , -2.12894e-158
19.16 , -1.45219e-158
19.17 , -9.90365e-159
19.18 , -6.75276e-159
19.19 , -4.60341e-159
19.2 , -3.13755e-159
19.21 , -2.13804e-159
19.22 , -1.45664e-159
19.23 , -9.92211e-160
19.24 , -6.75722e-160
19.25 , -4.60092e-160
19.26 , -3.13209e-160
19.27 , -2.13176e-160
19.28 , -1.45062e-160
19.29 , -9.8692e-161
19.3 , -6.71311e-161
19.31 , -4.5654e-161
19.32 , -3.10418e-161
19.33 , -2.11022e-161
19.34 , -1.43424e-161
19.35 , -9.74606e-162
19.36 , -6.62139e-162
19.37 , -4.49761e-162
19.38 , -3.05442e-162
19.39 , -2.0739e-162
19.4 , -1.40786e-162
19.41 , -9.55531e-163
19.42 , -6.484e-163
19.43 , -4.39901e-163
19.44 , -2.98386e-163
19.45 , -2.02356e-163
19.46 , -1.37204e-163
19.47 , -9.30101e-164
19.48 , -6.30386e-164
19.49 , -4.27165e-164
19.5 , -2.894e-164
19.51 , -1.96026e-164
19.52 , -1.32752e-164
19.53 , -8.98844e-165
19.54 , -6.0847e-165
19.55 , -4.11819e-165
19.56 , -2.78668e-165
19.57 , -1.8853e-165
19.58 , -1.27523e-165
19.59 , -8.62398e-166
19.6 , -5.83097e-166
19.61 , -3.94173e-166
19.62 , -2.66407e-166
19.63 , -1.80019e-166
19.64 , -1.21619e-166
19.65 , -8.21486e-167
19.66 , -5.54768e-167
19.67 , -3.74572e-167
19.68 , -2.52856e-167
19.69 , -1.70657e-167
19.7 , -1.15156e-167
19.71 , -7.76895e-168
19.72 , -5.24025e-168
19.73 , -3.5339e-168
19.74 , -2.3827e-168
19.75 , -1.60619e-168
19.76 , -1.08253e-168
19.77 , -7.29447e-169
19.78 , -4.91429e-169
19.79 , -3.3101e-169
19.8 , -2.22913e-169
19.81 , -1.50087e-169
19.82 , -1.01033e-169
19.83 , -6.79977e-170
19.84 , -4.57551e-170
19.85 , -3.07821e-170
19.86 , -2.07048e-170
19.87 , -1.39237e-170
19.88 , -9.36166e-171
19.89 , -6.29309e-171
19.9 , -4.22949e-171
19.91 , -2.842e-171
19.92 , -1.9093e-171
19.93 , -1.28244e-171
19.94 , -8.61219e-172
19.95 , -5.78233e-172
19.96 , -3.88155e-172
19.97 , -2.60507e-172
19.98 , -1.74803e-172
19.99 , 50
4.94066e-324 , -100
